x,y,species median
1.0,1.0,0.66099095
2.0,2.0,0.6672387
3.0,3.0,0.2507108
4.0,4.0,0.54259664
5.0,5.0,0.20622401
6.0,6.0,0.44324294
7.0,7.0,0.1480644
8.0,8.0,0.21948262
9.0,9.0,0.6053597
10.0,10.0,0.20715448
11.0,11.0,0.2130113
12.0,12.0,0.11798774
13.0,13.0,0.35530365
14.0,14.0,0.15009835
15.0,15.0,0.07992853
16.0,16.0,0.21360664
17.0,17.0,0.2994921
18.0,18.0,0.04765292
19.0,19.0,0.4379585
20.0,20.0,0.14980951
21.0,21.0,0.33605495
22.0,22.0,0.60699993
23.0,23.0,0.33247948
24.0,24.0,0.4641747
25.0,25.0,0.35816917
26.0,26.0,0.2682751
27.0,27.0,0.70268744
28.0,28.0,0.283042
29.0,29.0,0.10115904
30.0,30.0,0.4616781
31.0,31.0,0.16148674
32.0,32.0,0.5292055
33.0,33.0,0.13169143
34.0,34.0,0.2984374
35.0,35.0,0.2971505
36.0,36.0,0.3473806
37.0,37.0,0.59378433
38.0,38.0,0.2094263
39.0,39.0,0.06934227
40.0,40.0,0.09345434
41.0,41.0,0.21844898
42.0,42.0,0.4049645
43.0,43.0,0.4236118
44.0,44.0,0.38618025
45.0,45.0,0.16722828
46.0,46.0,0.41374105
47.0,47.0,0.13492575
48.0,48.0,0.5279379
49.0,49.0,0.21369655
50.0,50.0,0.45507947
51.0,51.0,0.15254298
52.0,52.0,0.39137948
53.0,53.0,0.3627162
54.0,54.0,0.54666924
55.0,55.0,0.23067509
56.0,56.0,0.37163925
57.0,57.0,0.54933083
58.0,58.0,0.23996092
59.0,59.0,0.5944142
60.0,60.0,0.5733498
61.0,61.0,0.44670177
62.0,62.0,0.5942297
63.0,63.0,0.5214458
64.0,64.0,0.16824047
65.0,65.0,0.46149486
66.0,66.0,0.6742072
67.0,67.0,0.26675454
68.0,68.0,0.32706383
69.0,69.0,0.055416033
70.0,70.0,0.41084588
71.0,71.0,0.16638823
72.0,72.0,0.41355807
73.0,73.0,0.2534863
74.0,74.0,0.06275412
75.0,75.0,0.45964023
76.0,76.0,0.2891724
77.0,77.0,0.4036235
78.0,78.0,0.44473758
79.0,79.0,0.055588607
80.0,80.0,0.30343932
81.0,81.0,0.5314386
82.0,82.0,0.6053453
83.0,83.0,0.23573054
84.0,84.0,0.4847361
85.0,85.0,0.60372144
86.0,86.0,0.27447087
87.0,87.0,0.35639825
88.0,88.0,0.33874366
89.0,89.0,0.23802872
90.0,90.0,0.14246333
91.0,91.0,0.2973957
92.0,92.0,0.31915066
93.0,93.0,0.17474285
94.0,94.0,0.67245954
95.0,95.0,0.16364565
96.0,96.0,0.45140615
97.0,97.0,0.10874875
98.0,98.0,0.5403116
99.0,99.0,0.6178118
100.0,100.0,0.32329816
101.0,101.0,0.10404942
102.0,102.0,0.643031
103.0,103.0,0.5399697
104.0,104.0,0.52309024
105.0,105.0,0.16657831
106.0,106.0,0.5770816
107.0,107.0,0.026470369
108.0,108.0,0.3774428
109.0,109.0,0.32858026
110.0,110.0,0.24520475
111.0,111.0,0.42425472
112.0,112.0,0.5617058
113.0,113.0,0.35355118
114.0,114.0,0.15033121
115.0,115.0,0.5261174
116.0,116.0,0.7187155
117.0,117.0,0.100256994
118.0,118.0,0.26039112
119.0,119.0,0.23397306
120.0,120.0,0.3336833
121.0,121.0,0.18709399
122.0,122.0,0.5917433
123.0,123.0,0.29877725
124.0,124.0,0.24254055
125.0,125.0,0.47089383
126.0,126.0,0.3092031
127.0,127.0,0.55583495
128.0,128.0,0.26232436
129.0,129.0,0.10914806
130.0,130.0,0.19543207
131.0,131.0,0.47796923
132.0,132.0,0.119217694
133.0,133.0,0.45094994
134.0,134.0,0.5561822
135.0,135.0,0.48624504
136.0,136.0,0.3779042
137.0,137.0,0.14820519
138.0,138.0,0.29633543
139.0,139.0,0.4528311
140.0,140.0,0.4595199
141.0,141.0,0.2397033
142.0,142.0,0.21593757
143.0,143.0,0.29128078
144.0,144.0,0.6791859
145.0,145.0,0.39908966
146.0,146.0,0.31017172
147.0,147.0,0.3808219
148.0,148.0,0.063522816
149.0,149.0,0.027284434
150.0,150.0,0.39850405
151.0,151.0,0.41766763
152.0,152.0,0.7118984
153.0,153.0,0.42358568
154.0,154.0,0.6361112
155.0,155.0,0.24120311
156.0,156.0,0.5131986
157.0,157.0,0.63432014
158.0,158.0,0.28583273
159.0,159.0,0.07026534
160.0,160.0,0.36779857
161.0,161.0,0.39595848
162.0,162.0,0.3817446
163.0,163.0,0.2647556
164.0,164.0,0.36819556
165.0,165.0,0.30314913
166.0,166.0,0.53016216
167.0,167.0,0.6355935
168.0,168.0,0.37081861
169.0,169.0,0.30730265
170.0,170.0,0.09220694
171.0,171.0,0.13429238
172.0,172.0,0.34410974
173.0,173.0,0.13930869
174.0,174.0,0.22195822
175.0,175.0,0.31034654
176.0,176.0,0.31821904
177.0,177.0,0.55912924
178.0,178.0,0.32397962
179.0,179.0,0.6624791
180.0,180.0,0.27101895
181.0,181.0,0.37162822
182.0,182.0,0.08036389
183.0,183.0,0.3283869
184.0,184.0,0.5067533
185.0,185.0,0.10805566
186.0,186.0,0.48029578
187.0,187.0,0.22269914
188.0,188.0,0.25740564
189.0,189.0,0.31170398
190.0,190.0,0.12272075
191.0,191.0,0.33604613
192.0,192.0,0.111705065
193.0,193.0,0.4069834
194.0,194.0,0.31919643
195.0,195.0,0.32017872
196.0,196.0,0.63415474
197.0,197.0,0.44643447
198.0,198.0,0.21543387
199.0,199.0,0.39151436
200.0,200.0,0.21676096
201.0,201.0,0.35942328
202.0,202.0,0.16781005
203.0,203.0,0.33392245
204.0,204.0,0.123141944
205.0,205.0,0.31419846
206.0,206.0,0.1858133
207.0,207.0,0.4615136
208.0,208.0,0.51822245
209.0,209.0,0.5018561
210.0,210.0,0.18675086
211.0,211.0,0.5387502
212.0,212.0,0.4272759
213.0,213.0,0.56037194
214.0,214.0,0.61253715
215.0,215.0,0.60712385
216.0,216.0,0.14783706
217.0,217.0,0.100068204
218.0,218.0,0.2925369
219.0,219.0,0.22398461
220.0,220.0,0.107908696
221.0,221.0,0.07049387
222.0,222.0,0.32904795
223.0,223.0,0.23560627
224.0,224.0,0.17932487
225.0,225.0,0.30892625
226.0,226.0,0.5000127
227.0,227.0,0.51454926
228.0,228.0,0.3745884
229.0,229.0,0.47320712
230.0,230.0,0.18012986
231.0,231.0,0.1909102
232.0,232.0,0.28752786
233.0,233.0,0.118895486
234.0,234.0,0.26194718
235.0,235.0,0.16351648
236.0,236.0,0.30399895
237.0,237.0,0.3127216
238.0,238.0,0.1501862
239.0,239.0,0.19461846
240.0,240.0,0.5145104
241.0,241.0,0.40687338
242.0,242.0,0.12147836
243.0,243.0,0.42994595
244.0,244.0,0.43852732
245.0,245.0,0.5327371
246.0,246.0,0.27676407
247.0,247.0,0.37788114
248.0,248.0,0.15693446
249.0,249.0,0.3126083
250.0,250.0,0.315683
251.0,251.0,0.6630458
252.0,252.0,0.36206973
253.0,253.0,0.29633436
254.0,254.0,0.120848276
255.0,255.0,0.26384643
256.0,256.0,0.5639368
257.0,257.0,0.58780676
258.0,258.0,0.29701808
259.0,259.0,0.13922754
260.0,260.0,0.1909888
261.0,261.0,0.14645402
262.0,262.0,0.6270846
263.0,263.0,0.48470297
264.0,264.0,0.6855324
265.0,265.0,0.3251403
266.0,266.0,0.095921114
267.0,267.0,0.43330777
268.0,268.0,0.21477073
269.0,269.0,0.1175139
270.0,270.0,0.39753294
271.0,271.0,0.16127478
272.0,272.0,0.623113
273.0,273.0,0.57095206
274.0,274.0,0.65657
275.0,275.0,0.67542124
276.0,276.0,0.31336397
277.0,277.0,0.15924013
278.0,278.0,0.39246163
279.0,279.0,0.20375526
280.0,280.0,0.10485668
281.0,281.0,0.53979987
282.0,282.0,0.52109987
283.0,283.0,0.29515022
284.0,284.0,0.31210503
285.0,285.0,0.2909027
286.0,286.0,0.37039027
287.0,287.0,0.6722924
288.0,288.0,0.35401776
289.0,289.0,0.13817675
290.0,290.0,0.3361612
291.0,291.0,0.36650378
292.0,292.0,0.22269784
293.0,293.0,0.2785537
294.0,294.0,0.11611004
295.0,295.0,0.1331806
296.0,296.0,0.041451056
297.0,297.0,0.384071
298.0,298.0,0.35648504
299.0,299.0,0.37020448
300.0,300.0,0.32647762
301.0,301.0,0.19779111
302.0,302.0,0.17149115
303.0,303.0,0.35988998
304.0,304.0,0.07499845
305.0,305.0,0.7141613
306.0,306.0,0.18776375
307.0,307.0,0.5188929
308.0,308.0,0.17899737
309.0,309.0,0.0931218
310.0,310.0,0.08763852
311.0,311.0,0.48279336
312.0,312.0,0.27492666
313.0,313.0,0.56007695
314.0,314.0,0.376662
315.0,315.0,0.50017196
316.0,316.0,0.51154643
317.0,317.0,0.07189777
318.0,318.0,0.4309624
319.0,319.0,0.08798741
320.0,320.0,0.6120717
321.0,321.0,0.6294648
322.0,322.0,0.27132306
323.0,323.0,0.368472
324.0,324.0,0.36608052
325.0,325.0,0.34717968
326.0,326.0,0.08380608
327.0,327.0,0.45374322
328.0,328.0,0.5298531
329.0,329.0,0.10237573
330.0,330.0,0.12590183
331.0,331.0,0.2724556
332.0,332.0,0.1988229
333.0,333.0,0.49615425
334.0,334.0,0.7286587
335.0,335.0,0.06453908
336.0,336.0,0.4033991
337.0,337.0,0.4777613
338.0,338.0,0.44154206
339.0,339.0,0.26356986
340.0,340.0,0.2100896
341.0,341.0,0.31683186
342.0,342.0,0.5229766
343.0,343.0,0.55187017
344.0,344.0,0.21513598
345.0,345.0,0.32435858
346.0,346.0,0.10677612
347.0,347.0,0.68566173
348.0,348.0,0.45581716
349.0,349.0,0.07487262
350.0,350.0,0.43174708
351.0,351.0,0.18142352
352.0,352.0,0.58577704
353.0,353.0,0.5216579
354.0,354.0,0.2884963
355.0,355.0,0.039550077
356.0,356.0,0.41497752
357.0,357.0,0.28553414
358.0,358.0,0.532831
359.0,359.0,0.37533927
360.0,360.0,0.29041478
361.0,361.0,0.1301331
362.0,362.0,0.30917698
363.0,363.0,0.3547914
364.0,364.0,0.5345951
365.0,365.0,0.74063987
366.0,366.0,0.5731244
367.0,367.0,0.2568523
368.0,368.0,0.60403085
369.0,369.0,0.17732039
370.0,370.0,0.4643651
371.0,371.0,0.55580443
372.0,372.0,0.15560445
373.0,373.0,0.22833098
374.0,374.0,0.5080444
375.0,375.0,0.18275529
376.0,376.0,0.64384025
377.0,377.0,0.16207464
378.0,378.0,0.40218776
379.0,379.0,0.37986612
380.0,380.0,0.37993
381.0,381.0,0.36601645
382.0,382.0,0.45325544
383.0,383.0,0.070902936
384.0,384.0,0.079997845
385.0,385.0,0.3237472
386.0,386.0,0.31770605
387.0,387.0,0.4143743
388.0,388.0,0.14096819
389.0,389.0,0.27549
390.0,390.0,0.0216241
391.0,391.0,0.19379456
392.0,392.0,0.5618785
393.0,393.0,0.44165352
394.0,394.0,0.14552192
395.0,395.0,0.3476343
396.0,396.0,0.32595086
397.0,397.0,0.64525115
398.0,398.0,0.24725297
399.0,399.0,0.22019865
400.0,400.0,0.14598708
401.0,401.0,0.124898165
402.0,402.0,0.14807956
403.0,403.0,0.29124567
404.0,404.0,0.16652894
405.0,405.0,0.19798623
406.0,406.0,0.264164
407.0,407.0,0.32301962
408.0,408.0,0.45679894
409.0,409.0,0.10508769
410.0,410.0,0.34289363
411.0,411.0,0.5444432
412.0,412.0,0.30272147
413.0,413.0,0.54818237
414.0,414.0,0.36558473
415.0,415.0,0.18541679
416.0,416.0,0.66208065
417.0,417.0,0.5894952
418.0,418.0,0.55803984
419.0,419.0,0.23939484
420.0,420.0,0.5473635
421.0,421.0,0.33347398
422.0,422.0,0.27907103
423.0,423.0,0.2099073
424.0,424.0,0.3702776
425.0,425.0,0.3624341
426.0,426.0,0.7184856
427.0,427.0,0.20252025
428.0,428.0,0.18617158
429.0,429.0,0.3510829
430.0,430.0,0.5621306
431.0,431.0,0.4121596
432.0,432.0,0.16454227
433.0,433.0,0.4629847
434.0,434.0,0.27264836
435.0,435.0,0.32465357
436.0,436.0,0.16912365
437.0,437.0,0.4477637
438.0,438.0,0.38254
439.0,439.0,0.20843439
440.0,440.0,0.43223792
441.0,441.0,0.33495983
442.0,442.0,0.24614501
443.0,443.0,0.61585253
444.0,444.0,0.10177328
445.0,445.0,0.08721026
446.0,446.0,0.20682335
447.0,447.0,0.5657673
448.0,448.0,0.27603096
449.0,449.0,0.3660975
450.0,450.0,0.14223269
451.0,451.0,0.15561223
452.0,452.0,0.35896334
453.0,453.0,0.27226505
454.0,454.0,0.465461
455.0,455.0,0.071506396
456.0,456.0,0.65636724
457.0,457.0,0.45246047
458.0,458.0,0.6494273
459.0,459.0,0.1932146
460.0,460.0,0.19554844
461.0,461.0,0.301573
462.0,462.0,0.3174322
463.0,463.0,0.0780444
464.0,464.0,0.26814508
465.0,465.0,0.520897
466.0,466.0,0.6679985
467.0,467.0,0.6847152
468.0,468.0,0.468386
469.0,469.0,0.58261156
470.0,470.0,0.42225555
471.0,471.0,0.18684092
472.0,472.0,0.66583014
473.0,473.0,0.29645768
474.0,474.0,0.51168185
475.0,475.0,0.30247733
476.0,476.0,0.6048323
477.0,477.0,0.47668168
478.0,478.0,0.3296994
479.0,479.0,0.3627107
480.0,480.0,0.39835787
481.0,481.0,0.35338205
482.0,482.0,0.61309844
483.0,483.0,0.23386411
484.0,484.0,0.47101846
485.0,485.0,0.45206207
486.0,486.0,0.31198338
487.0,487.0,0.40412685
488.0,488.0,0.22468081
489.0,489.0,0.35550368
490.0,490.0,0.5789026
491.0,491.0,0.1447979
492.0,492.0,0.32156503
493.0,493.0,0.24304682
494.0,494.0,0.6848299
495.0,495.0,0.5862755
496.0,496.0,0.23859328
497.0,497.0,0.10319202
498.0,498.0,0.17563982
499.0,499.0,0.58421487
500.0,500.0,0.4727291
501.0,501.0,0.44909167
502.0,502.0,0.5427532
503.0,503.0,0.14481078
504.0,504.0,0.45182174
505.0,505.0,0.27097648
506.0,506.0,0.157541
507.0,507.0,0.4130584
508.0,508.0,0.52670515
509.0,509.0,0.14314301
510.0,510.0,0.24938355
511.0,511.0,0.17356561
512.0,512.0,0.13447069
513.0,513.0,0.2743609
514.0,514.0,0.098034926
515.0,515.0,0.21597977
516.0,516.0,0.22734565
517.0,517.0,0.08895296
518.0,518.0,0.34044263
519.0,519.0,0.06722289
520.0,520.0,0.4054656
521.0,521.0,0.52177215
522.0,522.0,0.10844339
523.0,523.0,0.33396727
524.0,524.0,0.26590246
525.0,525.0,0.100261934
526.0,526.0,0.35575324
527.0,527.0,0.2454277
528.0,528.0,0.44192645
529.0,529.0,0.34346688
530.0,530.0,0.28566495
531.0,531.0,0.54359996
532.0,532.0,0.13219689
533.0,533.0,0.31405732
534.0,534.0,0.39566207
535.0,535.0,0.2681647
536.0,536.0,0.6046822
537.0,537.0,0.55993307
538.0,538.0,0.3354763
539.0,539.0,0.2474261
540.0,540.0,0.33803943
541.0,541.0,0.33073813
542.0,542.0,0.46926823
543.0,543.0,0.13444096
544.0,544.0,0.14291331
545.0,545.0,0.45037112
546.0,546.0,0.07932032
547.0,547.0,0.32091102
548.0,548.0,0.5021729
549.0,549.0,0.71243197
550.0,550.0,0.6383826
551.0,551.0,0.4538733
552.0,552.0,0.52798456
553.0,553.0,0.23094183
554.0,554.0,0.14776625
555.0,555.0,0.6072134
556.0,556.0,0.3734856
557.0,557.0,0.30394635
558.0,558.0,0.14836833
559.0,559.0,0.36376375
560.0,560.0,0.32968512
561.0,561.0,0.10727365
562.0,562.0,0.18850581
563.0,563.0,0.35829753
564.0,564.0,0.24098203
565.0,565.0,0.1854403
566.0,566.0,0.5916975
567.0,567.0,0.18377459
568.0,568.0,0.12404154
569.0,569.0,0.14152017
570.0,570.0,0.16531138
571.0,571.0,0.23118751
572.0,572.0,0.24049811
573.0,573.0,0.24650201
574.0,574.0,0.42048988
575.0,575.0,0.09009955
576.0,576.0,0.47192588
577.0,577.0,0.14008188
578.0,578.0,0.15461747
579.0,579.0,0.13804269
580.0,580.0,0.3832155
581.0,581.0,0.222635
582.0,582.0,0.0854982
583.0,583.0,0.30954513
584.0,584.0,0.36779022
585.0,585.0,0.24336132
586.0,586.0,0.1416511
587.0,587.0,0.33188075
588.0,588.0,0.38414547
589.0,589.0,0.614738
590.0,590.0,0.25621364
591.0,591.0,0.14738187
592.0,592.0,0.32834125
593.0,593.0,0.11482469
594.0,594.0,0.38210812
595.0,595.0,0.2732746
596.0,596.0,0.26882985
597.0,597.0,0.42758468
598.0,598.0,0.07402225
599.0,599.0,0.10931017
600.0,600.0,0.16576508
601.0,601.0,0.2157256
602.0,602.0,0.06389623
603.0,603.0,0.5069395
604.0,604.0,0.43331662
605.0,605.0,0.34145787
606.0,606.0,0.09313913
607.0,607.0,0.6168205
608.0,608.0,0.061163038
609.0,609.0,0.5463726
610.0,610.0,0.17881124
611.0,611.0,0.2906887
612.0,612.0,0.14281905
613.0,613.0,0.22722714
614.0,614.0,0.09679337
615.0,615.0,0.20194133
616.0,616.0,0.27396268
617.0,617.0,0.6024108
618.0,618.0,0.3783258
619.0,619.0,0.5242566
620.0,620.0,0.14640352
621.0,621.0,0.5475272
622.0,622.0,0.17020097
623.0,623.0,0.11331864
624.0,624.0,0.59815246
625.0,625.0,0.19191436
626.0,626.0,0.25954744
627.0,627.0,0.5176746
628.0,628.0,0.34540138
629.0,629.0,0.1606251
630.0,630.0,0.29291478
631.0,631.0,0.2030195
632.0,632.0,0.782323
633.0,633.0,0.329656
634.0,634.0,0.06981616
635.0,635.0,0.101710394
636.0,636.0,0.5405622
637.0,637.0,0.08462704
638.0,638.0,0.09223269
639.0,639.0,0.5786971
640.0,640.0,0.1793075
641.0,641.0,0.44997653
642.0,642.0,0.33370396
643.0,643.0,0.4595041
644.0,644.0,0.55715805
645.0,645.0,0.24202211
646.0,646.0,0.59959304
647.0,647.0,0.5605643
648.0,648.0,0.21534838
649.0,649.0,0.4708396
650.0,650.0,0.16325678
651.0,651.0,0.6024351
652.0,652.0,0.09568434
653.0,653.0,0.67530775
654.0,654.0,0.39608482
655.0,655.0,0.5190916
656.0,656.0,0.4552117
657.0,657.0,0.2693723
658.0,658.0,0.6222318
659.0,659.0,0.10138237
660.0,660.0,0.23164394
661.0,661.0,0.12947878
662.0,662.0,0.33620074
663.0,663.0,0.16547213
664.0,664.0,0.4005808
665.0,665.0,0.49029836
666.0,666.0,0.3630604
667.0,667.0,0.2539462
668.0,668.0,0.32155392
669.0,669.0,0.4198159
670.0,670.0,0.68143284
671.0,671.0,0.21588552
672.0,672.0,0.56448054
673.0,673.0,0.35169387
674.0,674.0,0.5706417
675.0,675.0,0.30931032
676.0,676.0,0.27946067
677.0,677.0,0.59092045
678.0,678.0,0.54184824
679.0,679.0,0.33837402
680.0,680.0,0.3405174
681.0,681.0,0.14577404
682.0,682.0,0.22026503
683.0,683.0,0.3056273
684.0,684.0,0.6327665
685.0,685.0,0.15478516
686.0,686.0,0.70204383
687.0,687.0,0.10695801
688.0,688.0,0.12182738
689.0,689.0,0.2046499
690.0,690.0,0.19328077
691.0,691.0,0.4709739
692.0,692.0,0.51979333
693.0,693.0,0.60193
694.0,694.0,0.38000724
695.0,695.0,0.14381477
696.0,696.0,0.4427071
697.0,697.0,0.22036636
698.0,698.0,0.49393097
699.0,699.0,0.46571076
700.0,700.0,0.26462322
701.0,701.0,0.5016199
702.0,702.0,0.55718666
703.0,703.0,0.63457114
704.0,704.0,0.29166245
705.0,705.0,0.47680598
706.0,706.0,0.13332503
707.0,707.0,0.5687527
708.0,708.0,0.228373
709.0,709.0,0.0719112
710.0,710.0,0.54037166
711.0,711.0,0.22159867
712.0,712.0,0.0114607215
713.0,713.0,0.6365524
714.0,714.0,0.37894142
715.0,715.0,0.19375038
716.0,716.0,0.1557786
717.0,717.0,0.49434
718.0,718.0,0.47423458
719.0,719.0,0.3312835
720.0,720.0,0.08113577
721.0,721.0,0.3123411
722.0,722.0,0.107799724
723.0,723.0,0.27231893
724.0,724.0,0.14153478
725.0,725.0,0.2652884
726.0,726.0,0.20372894
727.0,727.0,0.3455909
728.0,728.0,0.55633914
729.0,729.0,0.2989659
730.0,730.0,0.4925758
731.0,731.0,0.34404555
732.0,732.0,0.23854394
733.0,733.0,0.1502717
734.0,734.0,0.52777505
735.0,735.0,0.5813736
736.0,736.0,0.37317517
737.0,737.0,0.11543229
738.0,738.0,0.2746765
739.0,739.0,0.262922
740.0,740.0,0.54510975
741.0,741.0,0.60882735
742.0,742.0,0.5327135
743.0,743.0,0.43350303
744.0,744.0,0.19332749
745.0,745.0,0.31141973
746.0,746.0,0.5042228
747.0,747.0,0.20271674
748.0,748.0,0.33301842
749.0,749.0,0.46210408
750.0,750.0,0.06965285
751.0,751.0,0.12949912
752.0,752.0,0.41361842
753.0,753.0,0.4721118
754.0,754.0,0.09489998
755.0,755.0,0.3819995
756.0,756.0,0.49428236
757.0,757.0,0.27508003
758.0,758.0,0.4301732
759.0,759.0,0.07319174
760.0,760.0,0.3311823
761.0,761.0,0.12337339
762.0,762.0,0.08767798
763.0,763.0,0.3973926
764.0,764.0,0.29920653
765.0,765.0,0.37147373
766.0,766.0,0.6861694
767.0,767.0,0.09695143
768.0,768.0,0.56332713
769.0,769.0,0.108944714
770.0,770.0,0.28774396
771.0,771.0,0.08671323
772.0,772.0,0.61781716
773.0,773.0,0.2980246
774.0,774.0,0.4007519
775.0,775.0,0.27904338
776.0,776.0,0.42006552
777.0,777.0,0.49223617
778.0,778.0,0.16855866
779.0,779.0,0.56072
780.0,780.0,0.6304693
781.0,781.0,0.14788173
782.0,782.0,0.6159198
783.0,783.0,0.44243512
784.0,784.0,0.6629485
785.0,785.0,0.47778428
786.0,786.0,0.6915312
787.0,787.0,0.4306946
788.0,788.0,0.32188794
789.0,789.0,0.066382274
790.0,790.0,0.46224797
791.0,791.0,0.6292241
792.0,792.0,0.14250568
793.0,793.0,0.60278594
794.0,794.0,0.11501723
795.0,795.0,0.3389821
796.0,796.0,0.17783916
797.0,797.0,0.43007398
798.0,798.0,0.29070547
799.0,799.0,0.44787866
800.0,800.0,0.51789093
801.0,801.0,0.20697907
802.0,802.0,0.114457935
803.0,803.0,0.06988192
804.0,804.0,0.48865348
805.0,805.0,0.5544256
806.0,806.0,0.41308895
807.0,807.0,0.41877007
808.0,808.0,0.5074167
809.0,809.0,0.34183726
810.0,810.0,0.36520612
811.0,811.0,0.2909366
812.0,812.0,0.5398972
813.0,813.0,0.57167304
814.0,814.0,0.14778188
815.0,815.0,0.47249332
816.0,816.0,0.5073032
817.0,817.0,0.14736098
818.0,818.0,0.2691207
819.0,819.0,0.59275347
820.0,820.0,0.11161693
821.0,821.0,0.2436405
822.0,822.0,0.3966881
823.0,823.0,0.38962427
824.0,824.0,0.53193134
825.0,825.0,0.31918666
826.0,826.0,0.14633937
827.0,827.0,0.3089431
828.0,828.0,0.33248445
829.0,829.0,0.11955919
830.0,830.0,0.41315082
831.0,831.0,0.17835602
832.0,832.0,0.47892222
833.0,833.0,0.579106
834.0,834.0,0.14258055
835.0,835.0,0.33881965
836.0,836.0,0.65051275
837.0,837.0,0.37271622
838.0,838.0,0.17071961
839.0,839.0,0.51416564
840.0,840.0,0.2879636
841.0,841.0,0.38081342
842.0,842.0,0.35338417
843.0,843.0,0.46767613
844.0,844.0,0.4916698
845.0,845.0,0.46853122
846.0,846.0,0.14171329
847.0,847.0,0.1646271
848.0,848.0,0.35254237
849.0,849.0,0.05089036
850.0,850.0,0.31173593
851.0,851.0,0.5345549
852.0,852.0,0.37705782
853.0,853.0,0.04409057
854.0,854.0,0.2707294
855.0,855.0,0.5109645
856.0,856.0,0.42359138
857.0,857.0,0.31669182
858.0,858.0,0.47936928
859.0,859.0,0.09425542
860.0,860.0,0.20608237
861.0,861.0,0.53210413
862.0,862.0,0.27650434
863.0,863.0,0.42679557
864.0,864.0,0.2249875
865.0,865.0,0.57265353
866.0,866.0,0.2861482
867.0,867.0,0.20037447
868.0,868.0,0.33912545
869.0,869.0,0.2867289
870.0,870.0,0.15310632
871.0,871.0,0.17486994
872.0,872.0,0.49268046
873.0,873.0,0.21713755
874.0,874.0,0.115130775
875.0,875.0,0.20196877
876.0,876.0,0.41939497
877.0,877.0,0.26735854
878.0,878.0,0.60494727
879.0,879.0,0.24072011
880.0,880.0,0.11198594
881.0,881.0,0.21808971
882.0,882.0,0.51325434
883.0,883.0,0.28325677
884.0,884.0,0.14674722
885.0,885.0,0.39156374
886.0,886.0,0.06692549
887.0,887.0,0.3552663
888.0,888.0,0.19553234
889.0,889.0,0.46323895
890.0,890.0,0.43866602
891.0,891.0,0.02772595
892.0,892.0,0.3050799
893.0,893.0,0.15669017
894.0,894.0,0.17941916
895.0,895.0,0.34271306
896.0,896.0,0.22265984
897.0,897.0,0.15411161
898.0,898.0,0.4780841
899.0,899.0,0.35857412
900.0,900.0,0.34686816
901.0,901.0,0.18240593
902.0,902.0,0.28353947
903.0,903.0,0.27428144
904.0,904.0,0.12716678
905.0,905.0,0.42393267
906.0,906.0,0.2624201
907.0,907.0,0.25026327
908.0,908.0,0.47784036
909.0,909.0,0.40962324
910.0,910.0,0.31618994
911.0,911.0,0.18420392
912.0,912.0,0.35624817
913.0,913.0,0.45230463
914.0,914.0,0.35260648
915.0,915.0,0.55693406
916.0,916.0,0.42229506
917.0,917.0,0.47362795
918.0,918.0,0.14477558
919.0,919.0,0.3852165
920.0,920.0,0.20774992
921.0,921.0,0.34597078
922.0,922.0,0.49896178
923.0,923.0,0.3387034
924.0,924.0,0.2528186
925.0,925.0,0.094633095
926.0,926.0,0.5433042
927.0,927.0,0.53137875
928.0,928.0,0.2756634
929.0,929.0,0.14162745
930.0,930.0,0.052253973
931.0,931.0,0.22601713
932.0,932.0,0.5055
933.0,933.0,0.13283217
934.0,934.0,0.30978975
935.0,935.0,0.5500236
936.0,936.0,0.41561538
937.0,937.0,0.34357023
938.0,938.0,0.43533072
939.0,939.0,0.4754805
940.0,940.0,0.35372913
941.0,941.0,0.36751476
942.0,942.0,0.28772634
943.0,943.0,0.12048923
944.0,944.0,0.27865118
945.0,945.0,0.1605465
946.0,946.0,0.48683855
947.0,947.0,0.4811775
948.0,948.0,0.4264699
949.0,949.0,0.6385478
950.0,950.0,0.08756126
951.0,951.0,0.10658421
952.0,952.0,0.41581348
953.0,953.0,0.5444794
954.0,954.0,0.29650998
955.0,955.0,0.40524787
956.0,956.0,0.16330671
957.0,957.0,0.22698662
958.0,958.0,0.36254486
959.0,959.0,0.1725448
960.0,960.0,0.2732809
961.0,961.0,0.44407475
962.0,962.0,0.5510633
963.0,963.0,0.45321292
964.0,964.0,0.23509884
965.0,965.0,0.41947395
966.0,966.0,0.38612324
967.0,967.0,0.4452882
968.0,968.0,0.56699705
969.0,969.0,0.29072717
970.0,970.0,0.39553493
971.0,971.0,0.31827024
972.0,972.0,0.5626967
973.0,973.0,0.352002
974.0,974.0,0.27455178
975.0,975.0,0.34782624
976.0,976.0,0.58766365
977.0,977.0,0.15426299
978.0,978.0,0.38027164
979.0,979.0,0.4462317
980.0,980.0,0.29084313
981.0,981.0,0.098658115
982.0,982.0,0.46511546
983.0,983.0,0.4737462
984.0,984.0,0.16478474
985.0,985.0,0.23547453
986.0,986.0,0.16279495
987.0,987.0,0.4763802
988.0,988.0,0.09633392
989.0,989.0,0.45691055
990.0,990.0,0.36232752
991.0,991.0,0.43983692
992.0,992.0,0.33217996
993.0,993.0,0.24419361
994.0,994.0,0.26237223
995.0,995.0,0.14089048
996.0,996.0,0.4535016
997.0,997.0,0.2690005
998.0,998.0,0.38557774
999.0,999.0,0.07083761
1000.0,1000.0,0.17095682
1001.0,1001.0,0.29807422
1002.0,1002.0,0.08130898
1003.0,1003.0,0.29586405
1004.0,1004.0,0.41250974
1005.0,1005.0,0.4704104
1006.0,1006.0,0.26644516
1007.0,1007.0,0.3847552
1008.0,1008.0,0.32274127
1009.0,1009.0,0.21491711
1010.0,1010.0,0.7483829
1011.0,1011.0,0.043937083
1012.0,1012.0,0.32525453
1013.0,1013.0,0.5266422
1014.0,1014.0,0.25308537
1015.0,1015.0,0.27887043
1016.0,1016.0,0.24276389
1017.0,1017.0,0.20254892
1018.0,1018.0,0.38467976
1019.0,1019.0,0.09211107
1020.0,1020.0,0.047873653
1021.0,1021.0,0.22831637
1022.0,1022.0,0.32211474
1023.0,1023.0,0.35072798
1024.0,1024.0,0.5376628
1025.0,1025.0,0.2428917
1026.0,1026.0,0.27434388
1027.0,1027.0,0.07413992
1028.0,1028.0,0.26438925
1029.0,1029.0,0.6620632
1030.0,1030.0,0.29154864
1031.0,1031.0,0.34006202
1032.0,1032.0,0.50304055
1033.0,1033.0,0.10732104
1034.0,1034.0,0.19735879
1035.0,1035.0,0.499683
1036.0,1036.0,0.14852284
1037.0,1037.0,0.3268801
1038.0,1038.0,0.14717375
1039.0,1039.0,0.4896566
1040.0,1040.0,0.54466057
1041.0,1041.0,0.40031636
1042.0,1042.0,0.5829041
1043.0,1043.0,0.26607308
1044.0,1044.0,0.20752004
1045.0,1045.0,0.1712749
1046.0,1046.0,0.58646953
1047.0,1047.0,0.44967327
1048.0,1048.0,0.58929
1049.0,1049.0,0.54297936
1050.0,1050.0,0.6948819
1051.0,1051.0,0.36441165
1052.0,1052.0,0.4740521
1053.0,1053.0,0.23468256
1054.0,1054.0,0.45302242
1055.0,1055.0,0.16290763
1056.0,1056.0,0.53076386
1057.0,1057.0,0.35688126
1058.0,1058.0,0.115201935
1059.0,1059.0,0.16752638
1060.0,1060.0,0.3365667
1061.0,1061.0,0.50630504
1062.0,1062.0,0.076087505
1063.0,1063.0,0.43059498
1064.0,1064.0,0.14298363
1065.0,1065.0,0.18134381
1066.0,1066.0,0.27678674
1067.0,1067.0,0.52894336
1068.0,1068.0,0.66391164
1069.0,1069.0,0.1956213
1070.0,1070.0,0.24836925
1071.0,1071.0,0.10824661
1072.0,1072.0,0.19024505
1073.0,1073.0,0.05410303
1074.0,1074.0,0.5312063
1075.0,1075.0,0.18929173
1076.0,1076.0,0.12905473
1077.0,1077.0,0.25521344
1078.0,1078.0,0.33431336
1079.0,1079.0,0.1259693
1080.0,1080.0,0.22884622
1081.0,1081.0,0.36923426
1082.0,1082.0,0.15598175
1083.0,1083.0,0.093277924
1084.0,1084.0,0.51741064
1085.0,1085.0,0.4512435
1086.0,1086.0,0.18946463
1087.0,1087.0,0.20662917
1088.0,1088.0,0.54507256
1089.0,1089.0,0.28373104
1090.0,1090.0,0.21469247
1091.0,1091.0,0.5115764
1092.0,1092.0,0.7167684
1093.0,1093.0,0.3699117
1094.0,1094.0,0.20973925
1095.0,1095.0,0.19273856
1096.0,1096.0,0.14988461
1097.0,1097.0,0.52731264
1098.0,1098.0,0.16375938
1099.0,1099.0,0.28830433
1100.0,1100.0,0.34067276
1101.0,1101.0,0.4681197
1102.0,1102.0,0.5785153
1103.0,1103.0,0.48669282
1104.0,1104.0,0.4707479
1105.0,1105.0,0.23636676
1106.0,1106.0,0.21233135
1107.0,1107.0,0.122121796
1108.0,1108.0,0.21204196
1109.0,1109.0,0.09437632
1110.0,1110.0,0.5428732
1111.0,1111.0,0.40453136
1112.0,1112.0,0.34835348
1113.0,1113.0,0.605931
1114.0,1114.0,0.22349034
1115.0,1115.0,0.54385537
1116.0,1116.0,0.14826328
1117.0,1117.0,0.33209935
1118.0,1118.0,0.33491957
1119.0,1119.0,0.678403
1120.0,1120.0,0.27273437
1121.0,1121.0,0.25778258
1122.0,1122.0,0.19393893
1123.0,1123.0,0.4091415
1124.0,1124.0,0.086997636
1125.0,1125.0,0.32944635
1126.0,1126.0,0.7380905
1127.0,1127.0,0.28680176
1128.0,1128.0,0.22497247
1129.0,1129.0,0.47794178
1130.0,1130.0,0.2549413
1131.0,1131.0,0.5263294
1132.0,1132.0,0.6723993
1133.0,1133.0,0.20122409
1134.0,1134.0,0.6113613
1135.0,1135.0,0.6000374
1136.0,1136.0,0.25367668
1137.0,1137.0,0.37025264
1138.0,1138.0,0.49180922
1139.0,1139.0,0.47430265
1140.0,1140.0,0.15878265
1141.0,1141.0,0.4234026
1142.0,1142.0,0.14798844
1143.0,1143.0,0.393515
1144.0,1144.0,0.5843762
1145.0,1145.0,0.23167777
1146.0,1146.0,0.16044992
1147.0,1147.0,0.6050429
1148.0,1148.0,0.22974169
1149.0,1149.0,0.5802149
1150.0,1150.0,0.18101725
1151.0,1151.0,0.4315887
1152.0,1152.0,0.14972192
1153.0,1153.0,0.39999443
1154.0,1154.0,0.23424423
1155.0,1155.0,0.122953
1156.0,1156.0,0.3682117
1157.0,1157.0,0.1697861
1158.0,1158.0,0.07835005
1159.0,1159.0,0.30335113
1160.0,1160.0,0.27909008
1161.0,1161.0,0.17865328
1162.0,1162.0,0.6539764
1163.0,1163.0,0.40261656
1164.0,1164.0,0.075001754
1165.0,1165.0,0.4589043
1166.0,1166.0,0.5182728
1167.0,1167.0,0.7340779
1168.0,1168.0,0.30215725
1169.0,1169.0,0.24509004
1170.0,1170.0,0.14506398
1171.0,1171.0,0.23794822
1172.0,1172.0,0.5169865
1173.0,1173.0,0.2852903
1174.0,1174.0,0.16100352
1175.0,1175.0,0.42048955
1176.0,1176.0,0.613106
1177.0,1177.0,0.3615476
1178.0,1178.0,0.43373704
1179.0,1179.0,0.19582228
1180.0,1180.0,0.44283617
1181.0,1181.0,0.28696582
1182.0,1182.0,0.16382928
1183.0,1183.0,0.055662956
1184.0,1184.0,0.4404463
1185.0,1185.0,0.14340694
1186.0,1186.0,0.27777648
1187.0,1187.0,0.15706658
1188.0,1188.0,0.31238052
1189.0,1189.0,0.2767999
1190.0,1190.0,0.52346647
1191.0,1191.0,0.1699897
1192.0,1192.0,0.4335914
1193.0,1193.0,0.4904963
1194.0,1194.0,0.20825596
1195.0,1195.0,0.32720137
1196.0,1196.0,0.33574986
1197.0,1197.0,0.3342643
1198.0,1198.0,0.38384706
1199.0,1199.0,0.20426254
1200.0,1200.0,0.41032654
1201.0,1201.0,0.29742536
1202.0,1202.0,0.53804255
1203.0,1203.0,0.20024233
1204.0,1204.0,0.4489673
1205.0,1205.0,0.1302885
1206.0,1206.0,0.302838
1207.0,1207.0,0.28078458
1208.0,1208.0,0.7094936
1209.0,1209.0,0.17525688
1210.0,1210.0,0.14032036
1211.0,1211.0,0.61853415
1212.0,1212.0,0.6067345
1213.0,1213.0,0.08233307
1214.0,1214.0,0.4998857
1215.0,1215.0,0.08957538
1216.0,1216.0,0.3842489
1217.0,1217.0,0.15979612
1218.0,1218.0,0.08830297
1219.0,1219.0,0.071670406
1220.0,1220.0,0.102029935
1221.0,1221.0,0.43170604
1222.0,1222.0,0.28062478
1223.0,1223.0,0.45474342
1224.0,1224.0,0.5794599
1225.0,1225.0,0.29859373
1226.0,1226.0,0.62007684
1227.0,1227.0,0.15407293
1228.0,1228.0,0.25206608
1229.0,1229.0,0.7276012
1230.0,1230.0,0.108890705
1231.0,1231.0,0.41693
1232.0,1232.0,0.31729716
1233.0,1233.0,0.31716937
1234.0,1234.0,0.14486705
1235.0,1235.0,0.07937446
1236.0,1236.0,0.46805465
1237.0,1237.0,0.45588833
1238.0,1238.0,0.23830839
1239.0,1239.0,0.29354325
1240.0,1240.0,0.023362637
1241.0,1241.0,0.5384267
1242.0,1242.0,0.637928
1243.0,1243.0,0.021146744
1244.0,1244.0,0.27831393
1245.0,1245.0,0.11123588
1246.0,1246.0,0.663973
1247.0,1247.0,0.048900843
1248.0,1248.0,0.37710917
1249.0,1249.0,0.654787
1250.0,1250.0,0.2906165
1251.0,1251.0,0.23948976
1252.0,1252.0,0.062637076
1253.0,1253.0,0.09994205
1254.0,1254.0,0.118538335
1255.0,1255.0,0.16745868
1256.0,1256.0,0.17454639
1257.0,1257.0,0.44867206
1258.0,1258.0,0.3387102
1259.0,1259.0,0.37482065
1260.0,1260.0,0.47192037
1261.0,1261.0,0.047387596
1262.0,1262.0,0.34427783
1263.0,1263.0,0.15054609
1264.0,1264.0,0.45286673
1265.0,1265.0,0.7137907
1266.0,1266.0,0.2416317
1267.0,1267.0,0.25485897
1268.0,1268.0,0.56617105
1269.0,1269.0,0.27160528
1270.0,1270.0,0.38373053
1271.0,1271.0,0.5441933
1272.0,1272.0,0.25693315
1273.0,1273.0,0.19514336
1274.0,1274.0,0.17058007
1275.0,1275.0,0.41131303
1276.0,1276.0,0.5225068
1277.0,1277.0,0.30270123
1278.0,1278.0,0.48491225
1279.0,1279.0,0.6814897
1280.0,1280.0,0.5079495
1281.0,1281.0,0.27997202
1282.0,1282.0,0.5177379
1283.0,1283.0,0.29275337
1284.0,1284.0,0.26427567
1285.0,1285.0,0.18215223
1286.0,1286.0,0.20895807
1287.0,1287.0,0.55469376
1288.0,1288.0,0.21877606
1289.0,1289.0,0.52335167
1290.0,1290.0,0.42943573
1291.0,1291.0,0.41128135
1292.0,1292.0,0.1464655
1293.0,1293.0,0.10903382
1294.0,1294.0,0.4525185
1295.0,1295.0,0.48479354
1296.0,1296.0,0.7322203
1297.0,1297.0,0.4472533
1298.0,1298.0,0.2794272
1299.0,1299.0,0.41352245
1300.0,1300.0,0.46437865
1301.0,1301.0,0.59602535
1302.0,1302.0,0.2517516
1303.0,1303.0,0.3609384
1304.0,1304.0,0.4720741
1305.0,1305.0,0.11043676
1306.0,1306.0,0.5903867
1307.0,1307.0,0.45886406
1308.0,1308.0,0.583978
1309.0,1309.0,0.52954096
1310.0,1310.0,0.44631276
1311.0,1311.0,0.5968765
1312.0,1312.0,0.3079036
1313.0,1313.0,0.10483783
1314.0,1314.0,0.4724066
1315.0,1315.0,0.30474657
1316.0,1316.0,0.28201276
1317.0,1317.0,0.4426737
1318.0,1318.0,0.19273983
1319.0,1319.0,0.44458634
1320.0,1320.0,0.34792843
1321.0,1321.0,0.58920795
1322.0,1322.0,0.44493338
1323.0,1323.0,0.25380975
1324.0,1324.0,0.11390528
1325.0,1325.0,0.27271318
1326.0,1326.0,0.0776407
1327.0,1327.0,0.20516048
1328.0,1328.0,0.09717174
1329.0,1329.0,0.5872744
1330.0,1330.0,0.4931684
1331.0,1331.0,0.12032901
1332.0,1332.0,0.648399
1333.0,1333.0,0.6430757
1334.0,1334.0,0.09009131
1335.0,1335.0,0.52193457
1336.0,1336.0,0.2839141
1337.0,1337.0,0.5469668
1338.0,1338.0,0.44515312
1339.0,1339.0,0.6421708
1340.0,1340.0,0.36980563
1341.0,1341.0,0.24594136
1342.0,1342.0,0.13146369
1343.0,1343.0,0.58981353
1344.0,1344.0,0.24998403
1345.0,1345.0,0.4174348
1346.0,1346.0,0.082935005
1347.0,1347.0,0.5305546
1348.0,1348.0,0.08914533
1349.0,1349.0,0.12805516
1350.0,1350.0,0.31461126
1351.0,1351.0,0.56416833
1352.0,1352.0,0.49801868
1353.0,1353.0,0.17009714
1354.0,1354.0,0.09024911
1355.0,1355.0,0.6918532
1356.0,1356.0,0.5780993
1357.0,1357.0,0.3232218
1358.0,1358.0,0.5154788
1359.0,1359.0,0.30314666
1360.0,1360.0,0.35748073
1361.0,1361.0,0.3784658
1362.0,1362.0,0.35186738
1363.0,1363.0,0.15704946
1364.0,1364.0,0.33071938
1365.0,1365.0,0.3591482
1366.0,1366.0,0.3510524
1367.0,1367.0,0.205423
1368.0,1368.0,0.09903037
1369.0,1369.0,0.30291477
1370.0,1370.0,0.35923222
1371.0,1371.0,0.3887111
1372.0,1372.0,0.065526016
1373.0,1373.0,0.2907621
1374.0,1374.0,0.43254164
1375.0,1375.0,0.44657877
1376.0,1376.0,0.2844354
1377.0,1377.0,0.3241825
1378.0,1378.0,0.3127678
1379.0,1379.0,0.17756672
1380.0,1380.0,0.53114814
1381.0,1381.0,0.113011934
1382.0,1382.0,0.19393645
1383.0,1383.0,0.11982202
1384.0,1384.0,0.06317654
1385.0,1385.0,0.47514686
1386.0,1386.0,0.40286645
1387.0,1387.0,0.32223645
1388.0,1388.0,0.26431462
1389.0,1389.0,0.3406951
1390.0,1390.0,0.47893435
1391.0,1391.0,0.2598829
1392.0,1392.0,0.4210762
1393.0,1393.0,0.23326533
1394.0,1394.0,0.1077612
1395.0,1395.0,0.2426211
1396.0,1396.0,0.06731202
1397.0,1397.0,0.3355621
1398.0,1398.0,0.3996991
1399.0,1399.0,0.348492
1400.0,1400.0,0.4233564
1401.0,1401.0,0.27429017
1402.0,1402.0,0.45637548
1403.0,1403.0,0.36993575
1404.0,1404.0,0.37027538
1405.0,1405.0,0.1444324
1406.0,1406.0,0.25200093
1407.0,1407.0,0.46459007
1408.0,1408.0,0.28726402
1409.0,1409.0,0.3275353
1410.0,1410.0,0.6932215
1411.0,1411.0,0.38007683
1412.0,1412.0,0.24241312
1413.0,1413.0,0.12758476
1414.0,1414.0,0.30012274
1415.0,1415.0,0.29386583
1416.0,1416.0,0.46294317
1417.0,1417.0,0.3741505
1418.0,1418.0,0.19084111
1419.0,1419.0,0.5058712
1420.0,1420.0,0.11255991
1421.0,1421.0,0.38203532
1422.0,1422.0,0.35477814
1423.0,1423.0,0.5869323
1424.0,1424.0,0.5854955
1425.0,1425.0,0.5260918
1426.0,1426.0,0.4250788
1427.0,1427.0,0.587503
1428.0,1428.0,0.37750643
1429.0,1429.0,0.1647609
1430.0,1430.0,0.5063475
1431.0,1431.0,0.67829037
1432.0,1432.0,0.16172136
1433.0,1433.0,0.20821589
1434.0,1434.0,0.44517055
1435.0,1435.0,0.19050662
1436.0,1436.0,0.17657675
1437.0,1437.0,0.24662843
1438.0,1438.0,0.3959137
1439.0,1439.0,0.16332333
1440.0,1440.0,0.2821293
1441.0,1441.0,0.1708275
1442.0,1442.0,0.45557922
1443.0,1443.0,0.2299234
1444.0,1444.0,0.19158667
1445.0,1445.0,0.55709153
1446.0,1446.0,0.21826822
1447.0,1447.0,0.113479435
1448.0,1448.0,0.3363792
1449.0,1449.0,0.09143755
1450.0,1450.0,0.07893301
1451.0,1451.0,0.11984553
1452.0,1452.0,0.085295744
1453.0,1453.0,0.6096161
1454.0,1454.0,0.13511029
1455.0,1455.0,0.47137082
1456.0,1456.0,0.10234968
1457.0,1457.0,0.29209128
1458.0,1458.0,0.12756775
1459.0,1459.0,0.3434121
1460.0,1460.0,0.30154124
1461.0,1461.0,0.06965191
1462.0,1462.0,0.3569826
1463.0,1463.0,0.57788384
1464.0,1464.0,0.263802
1465.0,1465.0,0.46434215
1466.0,1466.0,0.17833091
1467.0,1467.0,0.110854916
1468.0,1468.0,0.50696284
1469.0,1469.0,0.52774155
1470.0,1470.0,0.15951845
1471.0,1471.0,0.1590162
1472.0,1472.0,0.44910568
1473.0,1473.0,0.20665921
1474.0,1474.0,0.39249837
1475.0,1475.0,0.14961585
1476.0,1476.0,0.25150374
1477.0,1477.0,0.16838273
1478.0,1478.0,0.029295968
1479.0,1479.0,0.39477867
1480.0,1480.0,0.53669554
1481.0,1481.0,0.14661674
1482.0,1482.0,0.2999214
1483.0,1483.0,0.3637134
1484.0,1484.0,0.17981212
1485.0,1485.0,0.05485009
1486.0,1486.0,0.29693958
1487.0,1487.0,0.43488508
1488.0,1488.0,0.39235625
1489.0,1489.0,0.636454
1490.0,1490.0,0.44048584
1491.0,1491.0,0.5773168
1492.0,1492.0,0.25933695
1493.0,1493.0,0.46175885
1494.0,1494.0,0.11543947
1495.0,1495.0,0.47289416
1496.0,1496.0,0.46088687
1497.0,1497.0,0.121288896
1498.0,1498.0,0.25609723
1499.0,1499.0,0.43688095
1500.0,1500.0,0.25530493
1501.0,1501.0,0.35536468
1502.0,1502.0,0.25759828
1503.0,1503.0,0.505541
1504.0,1504.0,0.045356214
1505.0,1505.0,0.5503268
1506.0,1506.0,0.40087417
1507.0,1507.0,0.47153035
1508.0,1508.0,0.29644614
1509.0,1509.0,0.15623353
1510.0,1510.0,0.3044765
1511.0,1511.0,0.5218965
1512.0,1512.0,0.1013559
1513.0,1513.0,0.6442696
1514.0,1514.0,0.13767917
1515.0,1515.0,0.15409005
1516.0,1516.0,0.4065611
1517.0,1517.0,0.1679448
1518.0,1518.0,0.42997018
1519.0,1519.0,0.31783983
1520.0,1520.0,0.54218304
1521.0,1521.0,0.49245
1522.0,1522.0,0.39959052
1523.0,1523.0,0.38325995
1524.0,1524.0,0.60503465
1525.0,1525.0,0.5063251
1526.0,1526.0,0.2727935
1527.0,1527.0,0.49190035
1528.0,1528.0,0.31139013
1529.0,1529.0,0.047078867
1530.0,1530.0,0.5908405
1531.0,1531.0,0.54560524
1532.0,1532.0,0.24007294
1533.0,1533.0,0.09716023
1534.0,1534.0,0.3328076
1535.0,1535.0,0.67492837
1536.0,1536.0,0.32823545
1537.0,1537.0,0.36248183
1538.0,1538.0,0.5538836
1539.0,1539.0,0.14203404
1540.0,1540.0,0.36852688
1541.0,1541.0,0.046169262
1542.0,1542.0,0.34450424
1543.0,1543.0,0.4201495
1544.0,1544.0,0.36812866
1545.0,1545.0,0.16239578
1546.0,1546.0,0.18321413
1547.0,1547.0,0.14095157
1548.0,1548.0,0.47917122
1549.0,1549.0,0.29344952
1550.0,1550.0,0.038580865
1551.0,1551.0,0.544133
1552.0,1552.0,0.08603676
1553.0,1553.0,0.40178052
1554.0,1554.0,0.07467604
1555.0,1555.0,0.3055823
1556.0,1556.0,0.13495715
1557.0,1557.0,0.32238176
1558.0,1558.0,0.36462685
1559.0,1559.0,0.14173271
1560.0,1560.0,0.1902528
1561.0,1561.0,0.28504786
1562.0,1562.0,0.13397811
1563.0,1563.0,0.43286332
1564.0,1564.0,0.3798371
1565.0,1565.0,0.18703271
1566.0,1566.0,0.36662155
1567.0,1567.0,0.17700893
1568.0,1568.0,0.40346876
1569.0,1569.0,0.5101881
1570.0,1570.0,0.32547408
1571.0,1571.0,0.20604427
1572.0,1572.0,0.24353994
1573.0,1573.0,0.08096446
1574.0,1574.0,0.41448322
1575.0,1575.0,0.020012718
1576.0,1576.0,0.11816037
1577.0,1577.0,0.543054
1578.0,1578.0,0.18819115
1579.0,1579.0,0.5304356
1580.0,1580.0,0.29219845
1581.0,1581.0,0.41489893
1582.0,1582.0,0.590018
1583.0,1583.0,0.17439054
1584.0,1584.0,0.55703396
1585.0,1585.0,0.44294477
1586.0,1586.0,0.34833813
1587.0,1587.0,0.0835834
1588.0,1588.0,0.5619678
1589.0,1589.0,0.2538416
1590.0,1590.0,0.1667039
1591.0,1591.0,0.33549187
1592.0,1592.0,0.61604166
1593.0,1593.0,0.27072242
1594.0,1594.0,0.31781253
1595.0,1595.0,0.37663487
1596.0,1596.0,0.1563643
1597.0,1597.0,0.34787703
1598.0,1598.0,0.4261614
1599.0,1599.0,0.26357618
1600.0,1600.0,0.3349658
1601.0,1601.0,0.2470637
1602.0,1602.0,0.4595706
1603.0,1603.0,0.42028028
1604.0,1604.0,0.19698359
1605.0,1605.0,0.6059216
1606.0,1606.0,0.24320975
1607.0,1607.0,0.32461846
1608.0,1608.0,0.5666353
1609.0,1609.0,0.11708637
1610.0,1610.0,0.23497862
1611.0,1611.0,0.31593925
1612.0,1612.0,0.13816854
1613.0,1613.0,0.4693394
1614.0,1614.0,0.0709168
1615.0,1615.0,0.37730235
1616.0,1616.0,0.21075667
1617.0,1617.0,0.28338304
1618.0,1618.0,0.20870435
1619.0,1619.0,0.3315908
1620.0,1620.0,0.21174413
1621.0,1621.0,0.23721583
1622.0,1622.0,0.12501772
1623.0,1623.0,0.20859356
1624.0,1624.0,0.27372384
1625.0,1625.0,0.5007098
1626.0,1626.0,0.25534788
1627.0,1627.0,0.67201
1628.0,1628.0,0.47880605
1629.0,1629.0,0.3587482
1630.0,1630.0,0.21092322
1631.0,1631.0,0.16965745
1632.0,1632.0,0.14542742
1633.0,1633.0,0.5468508
1634.0,1634.0,0.24388523
1635.0,1635.0,0.38874185
1636.0,1636.0,0.24463947
1637.0,1637.0,0.13690898
1638.0,1638.0,0.4252063
1639.0,1639.0,0.063470446
1640.0,1640.0,0.07443102
1641.0,1641.0,0.1845213
1642.0,1642.0,0.3394023
1643.0,1643.0,0.14390557
1644.0,1644.0,0.1131176
1645.0,1645.0,0.4954598
1646.0,1646.0,0.18027692
1647.0,1647.0,0.15225525
1648.0,1648.0,0.50768894
1649.0,1649.0,0.12293529
1650.0,1650.0,0.51791346
1651.0,1651.0,0.14653893
1652.0,1652.0,0.047932494
1653.0,1653.0,0.07706382
1654.0,1654.0,0.62273705
1655.0,1655.0,0.036171388
1656.0,1656.0,0.55104166
1657.0,1657.0,0.3190406
1658.0,1658.0,0.5547955
1659.0,1659.0,0.6748912
1660.0,1660.0,0.25218228
1661.0,1661.0,0.5369629
1662.0,1662.0,0.25537103
1663.0,1663.0,0.19032907
1664.0,1664.0,0.3785065
1665.0,1665.0,0.29572597
1666.0,1666.0,0.25032747
1667.0,1667.0,0.39191407
1668.0,1668.0,0.09067012
1669.0,1669.0,0.14931066
1670.0,1670.0,0.28961065
1671.0,1671.0,0.6508425
1672.0,1672.0,0.21070655
1673.0,1673.0,0.47954962
1674.0,1674.0,0.4622648
1675.0,1675.0,0.4446466
1676.0,1676.0,0.2325633
1677.0,1677.0,0.43534356
1678.0,1678.0,0.23803319
1679.0,1679.0,0.29992136
1680.0,1680.0,0.35275775
1681.0,1681.0,0.6204086
1682.0,1682.0,0.68651116
1683.0,1683.0,0.44112393
1684.0,1684.0,0.5491718
1685.0,1685.0,0.073619165
1686.0,1686.0,0.6946373
1687.0,1687.0,0.4779517
1688.0,1688.0,0.1394217
1689.0,1689.0,0.3837175
1690.0,1690.0,0.4013095
1691.0,1691.0,0.23476557
1692.0,1692.0,0.08500312
1693.0,1693.0,0.37497386
1694.0,1694.0,0.16471858
1695.0,1695.0,0.19080928
1696.0,1696.0,0.47058392
1697.0,1697.0,0.37833905
1698.0,1698.0,0.3294213
1699.0,1699.0,0.3084689
1700.0,1700.0,0.07161106
1701.0,1701.0,0.40026632
1702.0,1702.0,0.16075176
1703.0,1703.0,0.37226084
1704.0,1704.0,0.2765931
1705.0,1705.0,0.4307729
1706.0,1706.0,0.6196901
1707.0,1707.0,0.6999798
1708.0,1708.0,0.5726335
1709.0,1709.0,0.36935487
1710.0,1710.0,0.20004721
1711.0,1711.0,0.6968395
1712.0,1712.0,0.5133205
1713.0,1713.0,0.3945813
1714.0,1714.0,0.12701625
1715.0,1715.0,0.280148
1716.0,1716.0,0.5971502
1717.0,1717.0,0.2807532
1718.0,1718.0,0.16483167
1719.0,1719.0,0.5096654
1720.0,1720.0,0.36426875
1721.0,1721.0,0.15714598
1722.0,1722.0,0.14282183
1723.0,1723.0,0.46353212
1724.0,1724.0,0.4495415
1725.0,1725.0,0.33931187
1726.0,1726.0,0.36983913
1727.0,1727.0,0.09366048
1728.0,1728.0,0.3542803
1729.0,1729.0,0.049309228
1730.0,1730.0,0.3568892
1731.0,1731.0,0.2803885
1732.0,1732.0,0.5207633
1733.0,1733.0,0.44619587
1734.0,1734.0,0.26475728
1735.0,1735.0,0.4350006
1736.0,1736.0,0.21656285
1737.0,1737.0,0.28341043
1738.0,1738.0,0.2843696
1739.0,1739.0,0.18295923
1740.0,1740.0,0.2334365
1741.0,1741.0,0.5402823
1742.0,1742.0,0.50006896
1743.0,1743.0,0.16207372
1744.0,1744.0,0.2756469
1745.0,1745.0,0.37666795
1746.0,1746.0,0.2508572
1747.0,1747.0,0.60140294
1748.0,1748.0,0.2723838
1749.0,1749.0,0.27162576
1750.0,1750.0,0.3270904
1751.0,1751.0,0.58783543
1752.0,1752.0,0.12878473
1753.0,1753.0,0.20786329
1754.0,1754.0,0.09678546
1755.0,1755.0,0.1145905
1756.0,1756.0,0.33368146
1757.0,1757.0,0.097583175
1758.0,1758.0,0.08790852
1759.0,1759.0,0.2788833
1760.0,1760.0,0.3861779
1761.0,1761.0,0.7364395
1762.0,1762.0,0.021836258
1763.0,1763.0,0.07855592
1764.0,1764.0,0.21198496
1765.0,1765.0,0.5348138
1766.0,1766.0,0.70107794
1767.0,1767.0,0.2635224
1768.0,1768.0,0.59950805
1769.0,1769.0,0.35505864
1770.0,1770.0,0.54462224
1771.0,1771.0,0.45101976
1772.0,1772.0,0.42639494
1773.0,1773.0,0.3055429
1774.0,1774.0,0.50020254
1775.0,1775.0,0.63834
1776.0,1776.0,0.13143812
1777.0,1777.0,0.6102376
1778.0,1778.0,0.52313226
1779.0,1779.0,0.7101155
1780.0,1780.0,0.23197857
1781.0,1781.0,0.30931416
1782.0,1782.0,0.5935246
1783.0,1783.0,0.2521602
1784.0,1784.0,0.38443717
1785.0,1785.0,0.4844025
1786.0,1786.0,0.3326321
1787.0,1787.0,0.30420566
1788.0,1788.0,0.5837103
1789.0,1789.0,0.27109358
1790.0,1790.0,0.24671203
1791.0,1791.0,0.62440854
1792.0,1792.0,0.40475565
1793.0,1793.0,0.3763954
1794.0,1794.0,0.3510123
1795.0,1795.0,0.37115654
1796.0,1796.0,0.38235295
1797.0,1797.0,0.39478424
1798.0,1798.0,0.27959424
1799.0,1799.0,0.23166169
1800.0,1800.0,0.2496821
1801.0,1801.0,0.34836578
1802.0,1802.0,0.100618504
1803.0,1803.0,0.29632437
1804.0,1804.0,0.15392402
1805.0,1805.0,0.4790799
1806.0,1806.0,0.60732216
1807.0,1807.0,0.19970514
1808.0,1808.0,0.3955831
1809.0,1809.0,0.21145187
1810.0,1810.0,0.58588487
1811.0,1811.0,0.5436183
1812.0,1812.0,0.60388285
1813.0,1813.0,0.13454276
1814.0,1814.0,0.3369815
1815.0,1815.0,0.5770747
1816.0,1816.0,0.56058115
1817.0,1817.0,0.271916
1818.0,1818.0,0.42074737
1819.0,1819.0,0.25568074
1820.0,1820.0,0.39546898
1821.0,1821.0,0.1269574
1822.0,1822.0,0.5517485
1823.0,1823.0,0.3366572
1824.0,1824.0,0.58032984
1825.0,1825.0,0.11540955
1826.0,1826.0,0.2890761
1827.0,1827.0,0.3049886
1828.0,1828.0,0.5780014
1829.0,1829.0,0.46868962
1830.0,1830.0,0.29939133
1831.0,1831.0,0.26958922
1832.0,1832.0,0.49016416
1833.0,1833.0,0.29265252
1834.0,1834.0,0.5571491
1835.0,1835.0,0.15326437
1836.0,1836.0,0.10524104
1837.0,1837.0,0.1787761
1838.0,1838.0,0.6293838
1839.0,1839.0,0.6686531
1840.0,1840.0,0.20390198
1841.0,1841.0,0.048316766
1842.0,1842.0,0.3581793
1843.0,1843.0,0.33141497
1844.0,1844.0,0.61224616
1845.0,1845.0,0.34957394
1846.0,1846.0,0.53830004
1847.0,1847.0,0.2587538
1848.0,1848.0,0.5596868
1849.0,1849.0,0.12639426
1850.0,1850.0,0.59427994
1851.0,1851.0,0.6744169
1852.0,1852.0,0.12469041
1853.0,1853.0,0.34097517
1854.0,1854.0,0.7081735
1855.0,1855.0,0.52186835
1856.0,1856.0,0.55363125
1857.0,1857.0,0.122831546
1858.0,1858.0,0.35710615
1859.0,1859.0,0.44637907
1860.0,1860.0,0.4002116
1861.0,1861.0,0.43155235
1862.0,1862.0,0.5272064
1863.0,1863.0,0.059750997
1864.0,1864.0,0.45463756
1865.0,1865.0,0.31003538
1866.0,1866.0,0.1632292
1867.0,1867.0,0.100851774
1868.0,1868.0,0.17354006
1869.0,1869.0,0.2569725
1870.0,1870.0,0.5705532
1871.0,1871.0,0.5901194
1872.0,1872.0,0.16997208
1873.0,1873.0,0.5473948
1874.0,1874.0,0.48017743
1875.0,1875.0,0.16986133
1876.0,1876.0,0.038928334
1877.0,1877.0,0.13574831
1878.0,1878.0,0.15939815
1879.0,1879.0,0.6634351
1880.0,1880.0,0.4298511
1881.0,1881.0,0.63693005
1882.0,1882.0,0.55104274
1883.0,1883.0,0.40611702
1884.0,1884.0,0.32780817
1885.0,1885.0,0.18311527
1886.0,1886.0,0.32798803
1887.0,1887.0,0.31156346
1888.0,1888.0,0.3288947
1889.0,1889.0,0.32583663
1890.0,1890.0,0.33737108
1891.0,1891.0,0.37865096
1892.0,1892.0,0.36968252
1893.0,1893.0,0.24756883
1894.0,1894.0,0.60125023
1895.0,1895.0,0.1744027
1896.0,1896.0,0.33681342
1897.0,1897.0,0.6067098
1898.0,1898.0,0.29424483
1899.0,1899.0,0.27770257
1900.0,1900.0,0.51575214
1901.0,1901.0,0.716924
1902.0,1902.0,0.1370209
1903.0,1903.0,0.15391691
1904.0,1904.0,0.2585331
1905.0,1905.0,0.32984653
1906.0,1906.0,0.07745715
1907.0,1907.0,0.44308352
1908.0,1908.0,0.47446433
1909.0,1909.0,0.20331617
1910.0,1910.0,0.3893713
1911.0,1911.0,0.3127669
1912.0,1912.0,0.51733
1913.0,1913.0,0.280331
1914.0,1914.0,0.47937888
1915.0,1915.0,0.37829506
1916.0,1916.0,0.1867443
1917.0,1917.0,0.6059822
1918.0,1918.0,0.5904135
1919.0,1919.0,0.62465596
1920.0,1920.0,0.13167003
1921.0,1921.0,0.100350134
1922.0,1922.0,0.36292928
1923.0,1923.0,0.47827664
1924.0,1924.0,0.3589461
1925.0,1925.0,0.4283369
1926.0,1926.0,0.41840798
1927.0,1927.0,0.43600586
1928.0,1928.0,0.24389943
1929.0,1929.0,0.069134265
1930.0,1930.0,0.2580172
1931.0,1931.0,0.24951354
1932.0,1932.0,0.31439543
1933.0,1933.0,0.32633328
1934.0,1934.0,0.30599955
1935.0,1935.0,0.43675837
1936.0,1936.0,0.46074352
1937.0,1937.0,0.5328496
1938.0,1938.0,0.041268975
1939.0,1939.0,0.22187786
1940.0,1940.0,0.4217313
1941.0,1941.0,0.383587
1942.0,1942.0,0.16937883
1943.0,1943.0,0.4207774
1944.0,1944.0,0.20504442
1945.0,1945.0,0.23805049
1946.0,1946.0,0.048118774
1947.0,1947.0,0.42825732
1948.0,1948.0,0.06270255
1949.0,1949.0,0.2783005
1950.0,1950.0,0.28597736
1951.0,1951.0,0.50370145
1952.0,1952.0,0.4578842
1953.0,1953.0,0.2384528
1954.0,1954.0,0.6656717
1955.0,1955.0,0.5309592
1956.0,1956.0,0.7223288
1957.0,1957.0,0.5559267
1958.0,1958.0,0.25542423
1959.0,1959.0,0.116343446
1960.0,1960.0,0.59716463
1961.0,1961.0,0.45785183
1962.0,1962.0,0.40100792
1963.0,1963.0,0.1765432
1964.0,1964.0,0.111443475
1965.0,1965.0,0.086028
1966.0,1966.0,0.3104496
1967.0,1967.0,0.29014647
1968.0,1968.0,0.22106598
1969.0,1969.0,0.17126498
1970.0,1970.0,0.51307344
1971.0,1971.0,0.30185205
1972.0,1972.0,0.04432544
1973.0,1973.0,0.73024654
1974.0,1974.0,0.31494337
1975.0,1975.0,0.18877679
1976.0,1976.0,0.37706327
1977.0,1977.0,0.3768366
1978.0,1978.0,0.20521961
1979.0,1979.0,0.61085033
1980.0,1980.0,0.24807796
1981.0,1981.0,0.08241142
1982.0,1982.0,0.33681276
1983.0,1983.0,0.461864
1984.0,1984.0,0.33930686
1985.0,1985.0,0.3704905
1986.0,1986.0,0.60972214
1987.0,1987.0,0.11212146
1988.0,1988.0,0.47048503
1989.0,1989.0,0.26649952
1990.0,1990.0,0.12261609
1991.0,1991.0,0.09949751
1992.0,1992.0,0.40067866
1993.0,1993.0,0.35021797
1994.0,1994.0,0.4378141
1995.0,1995.0,0.27381262
1996.0,1996.0,0.03928839
1997.0,1997.0,0.29597417
1998.0,1998.0,0.16204157
1999.0,1999.0,0.14313813
2000.0,2000.0,0.28841907
2001.0,2001.0,0.27597204
2002.0,2002.0,0.33431616
2003.0,2003.0,0.3717589
2004.0,2004.0,0.7649785
2005.0,2005.0,0.57679886
2006.0,2006.0,0.41901767
2007.0,2007.0,0.18051647
2008.0,2008.0,0.53955287
2009.0,2009.0,0.33178124
2010.0,2010.0,0.24906741
2011.0,2011.0,0.08603688
2012.0,2012.0,0.53510404
2013.0,2013.0,0.16113026
2014.0,2014.0,0.25539258
2015.0,2015.0,0.49942648
2016.0,2016.0,0.17709485
2017.0,2017.0,0.2974677
2018.0,2018.0,0.11975705
2019.0,2019.0,0.3641095
2020.0,2020.0,0.26001763
2021.0,2021.0,0.54747
2022.0,2022.0,0.2803355
2023.0,2023.0,0.48326635
2024.0,2024.0,0.48297969
2025.0,2025.0,0.5910903
2026.0,2026.0,0.3750056
2027.0,2027.0,0.5423889
2028.0,2028.0,0.21701303
2029.0,2029.0,0.17589939
2030.0,2030.0,0.086136445
2031.0,2031.0,0.2962608
2032.0,2032.0,0.47260886
2033.0,2033.0,0.20864695
2034.0,2034.0,0.26682913
2035.0,2035.0,0.23640084
2036.0,2036.0,0.0557964
2037.0,2037.0,0.11013275
2038.0,2038.0,0.31693882
2039.0,2039.0,0.5948463
2040.0,2040.0,0.17432709
2041.0,2041.0,0.394751
2042.0,2042.0,0.2139681
2043.0,2043.0,0.5977828
2044.0,2044.0,0.2031244
2045.0,2045.0,0.5702905
2046.0,2046.0,0.53458095
2047.0,2047.0,0.24435556
2048.0,2048.0,0.16296792
2049.0,2049.0,0.37244058
2050.0,2050.0,0.46889138
2051.0,2051.0,0.31993425
2052.0,2052.0,0.124023944
2053.0,2053.0,0.22346811
2054.0,2054.0,0.3225601
2055.0,2055.0,0.5339516
2056.0,2056.0,0.61590004
2057.0,2057.0,0.36603093
2058.0,2058.0,0.24446894
2059.0,2059.0,0.2306802
2060.0,2060.0,0.53139955
2061.0,2061.0,0.21066247
2062.0,2062.0,0.38128945
2063.0,2063.0,0.36230195
2064.0,2064.0,0.29024777
2065.0,2065.0,0.54050845
2066.0,2066.0,0.48267484
2067.0,2067.0,0.5363619
2068.0,2068.0,0.20202798
2069.0,2069.0,0.10433234
2070.0,2070.0,0.26462105
2071.0,2071.0,0.33368436
2072.0,2072.0,0.4745504
2073.0,2073.0,0.12170362
2074.0,2074.0,0.46481767
2075.0,2075.0,0.3157169
2076.0,2076.0,0.32646817
2077.0,2077.0,0.5797358
2078.0,2078.0,0.11706234
2079.0,2079.0,0.4908756
2080.0,2080.0,0.35551834
2081.0,2081.0,0.18325977
2082.0,2082.0,0.49059445
2083.0,2083.0,0.39525715
2084.0,2084.0,0.5358204
2085.0,2085.0,0.3468754
2086.0,2086.0,0.29742807
2087.0,2087.0,0.12726207
2088.0,2088.0,0.07622679
2089.0,2089.0,0.20619044
2090.0,2090.0,0.52905583
2091.0,2091.0,0.6042622
2092.0,2092.0,0.4342327
2093.0,2093.0,0.38517877
2094.0,2094.0,0.17146878
2095.0,2095.0,0.1486657
2096.0,2096.0,0.09764689
2097.0,2097.0,0.119579576
2098.0,2098.0,0.45634958
2099.0,2099.0,0.20586114
2100.0,2100.0,0.15032537
2101.0,2101.0,0.52351975
2102.0,2102.0,0.34330043
2103.0,2103.0,0.1405057
2104.0,2104.0,0.18076774
2105.0,2105.0,0.29284206
2106.0,2106.0,0.41855717
2107.0,2107.0,0.5445106
2108.0,2108.0,0.2800018
2109.0,2109.0,0.17495455
2110.0,2110.0,0.19501804
2111.0,2111.0,0.21569312
2112.0,2112.0,0.09824682
2113.0,2113.0,0.26933795
2114.0,2114.0,0.54480267
2115.0,2115.0,0.7293785
2116.0,2116.0,0.37258324
2117.0,2117.0,0.3547806
2118.0,2118.0,0.26060817
2119.0,2119.0,0.027660618
2120.0,2120.0,0.63580483
2121.0,2121.0,0.28198475
2122.0,2122.0,0.072043344
2123.0,2123.0,0.55656874
2124.0,2124.0,0.53963566
2125.0,2125.0,0.36378363
2126.0,2126.0,0.15056804
2127.0,2127.0,0.5941941
2128.0,2128.0,0.46087673
2129.0,2129.0,0.42245263
2130.0,2130.0,0.30427456
2131.0,2131.0,0.20974045
2132.0,2132.0,0.17791843
2133.0,2133.0,0.18458696
2134.0,2134.0,0.2962337
2135.0,2135.0,0.19430806
2136.0,2136.0,0.4159776
2137.0,2137.0,0.24729349
2138.0,2138.0,0.19241577
2139.0,2139.0,0.16268425
2140.0,2140.0,0.17339002
2141.0,2141.0,0.37601772
2142.0,2142.0,0.3274131
2143.0,2143.0,0.48488376
2144.0,2144.0,0.50854886
2145.0,2145.0,0.44032818
2146.0,2146.0,0.35348067
2147.0,2147.0,0.57402664
2148.0,2148.0,0.31527516
2149.0,2149.0,0.4748247
2150.0,2150.0,0.5780769
2151.0,2151.0,0.36183852
2152.0,2152.0,0.50690615
2153.0,2153.0,0.29575416
2154.0,2154.0,0.5260387
2155.0,2155.0,0.34288687
2156.0,2156.0,0.2974177
2157.0,2157.0,0.423742
2158.0,2158.0,0.45060587
2159.0,2159.0,0.5787374
2160.0,2160.0,0.23626003
2161.0,2161.0,0.61353517
2162.0,2162.0,0.29536417
2163.0,2163.0,0.6008641
2164.0,2164.0,0.19426747
2165.0,2165.0,0.55040085
2166.0,2166.0,0.0944522
2167.0,2167.0,0.16769037
2168.0,2168.0,0.48241693
2169.0,2169.0,0.34683463
2170.0,2170.0,0.08019207
2171.0,2171.0,0.19643706
2172.0,2172.0,0.3630932
2173.0,2173.0,0.6243737
2174.0,2174.0,0.24460246
2175.0,2175.0,0.2839736
2176.0,2176.0,0.49195027
2177.0,2177.0,0.120771304
2178.0,2178.0,0.11332514
2179.0,2179.0,0.19891895
2180.0,2180.0,0.14853463
2181.0,2181.0,0.16120578
2182.0,2182.0,0.5081802
2183.0,2183.0,0.09596862
2184.0,2184.0,0.2746368
2185.0,2185.0,0.27999032
2186.0,2186.0,0.5075901
2187.0,2187.0,0.34043765
2188.0,2188.0,0.19636118
2189.0,2189.0,0.50270075
2190.0,2190.0,0.1380926
2191.0,2191.0,0.40838847
2192.0,2192.0,0.56863534
2193.0,2193.0,0.6045846
2194.0,2194.0,0.69364756
2195.0,2195.0,0.4147592
2196.0,2196.0,0.58324665
2197.0,2197.0,0.33273602
2198.0,2198.0,0.2735853
2199.0,2199.0,0.2819115
2200.0,2200.0,0.25048533
2201.0,2201.0,0.5396468
2202.0,2202.0,0.17958051
2203.0,2203.0,0.4754029
2204.0,2204.0,0.040768534
2205.0,2205.0,0.6017586
2206.0,2206.0,0.29732785
2207.0,2207.0,0.21988538
2208.0,2208.0,0.59230983
2209.0,2209.0,0.30844298
2210.0,2210.0,0.5766966
2211.0,2211.0,0.5175746
2212.0,2212.0,0.19336812
2213.0,2213.0,0.42929044
2214.0,2214.0,0.3636302
2215.0,2215.0,0.121359445
2216.0,2216.0,0.5991017
2217.0,2217.0,0.1092486
2218.0,2218.0,0.6122714
2219.0,2219.0,0.5736322
2220.0,2220.0,0.3553006
2221.0,2221.0,0.2229608
2222.0,2222.0,0.36503127
2223.0,2223.0,0.5239457
2224.0,2224.0,0.08303277
2225.0,2225.0,0.59988534
2226.0,2226.0,0.3684873
2227.0,2227.0,0.29042804
2228.0,2228.0,0.60709006
2229.0,2229.0,0.54189277
2230.0,2230.0,0.15652096
2231.0,2231.0,0.28283885
2232.0,2232.0,0.62560487
2233.0,2233.0,0.22064775
2234.0,2234.0,0.4586817
2235.0,2235.0,0.4332024
2236.0,2236.0,0.19254558
2237.0,2237.0,0.28626806
2238.0,2238.0,0.19790527
2239.0,2239.0,0.3295104
2240.0,2240.0,0.58691746
2241.0,2241.0,0.16577771
2242.0,2242.0,0.09566291
2243.0,2243.0,0.46811837
2244.0,2244.0,0.6177388
2245.0,2245.0,0.07497708
2246.0,2246.0,0.43605134
2247.0,2247.0,0.5459019
2248.0,2248.0,0.16425385
2249.0,2249.0,0.6032497
2250.0,2250.0,0.40462106
2251.0,2251.0,0.18642221
2252.0,2252.0,0.33948615
2253.0,2253.0,0.26154408
2254.0,2254.0,0.29906094
2255.0,2255.0,0.46135464
2256.0,2256.0,0.492717
2257.0,2257.0,0.14024432
2258.0,2258.0,0.31306827
2259.0,2259.0,0.117105745
2260.0,2260.0,0.46241474
2261.0,2261.0,0.5400327
2262.0,2262.0,0.13118038
2263.0,2263.0,0.22630543
2264.0,2264.0,0.32249585
2265.0,2265.0,0.09734054
2266.0,2266.0,0.3212707
2267.0,2267.0,0.113557555
2268.0,2268.0,0.37280035
2269.0,2269.0,0.55198234
2270.0,2270.0,0.6036776
2271.0,2271.0,0.31476882
2272.0,2272.0,0.23308235
2273.0,2273.0,0.21156427
2274.0,2274.0,0.258443
2275.0,2275.0,0.4179593
2276.0,2276.0,0.12368417
2277.0,2277.0,0.2941098
2278.0,2278.0,0.29500383
2279.0,2279.0,0.57054913
2280.0,2280.0,0.3413249
2281.0,2281.0,0.049050543
2282.0,2282.0,0.33185595
2283.0,2283.0,0.25230262
2284.0,2284.0,0.30193004
2285.0,2285.0,0.5077766
2286.0,2286.0,0.58172375
2287.0,2287.0,0.090996794
2288.0,2288.0,0.3071298
2289.0,2289.0,0.4047994
2290.0,2290.0,0.25262216
2291.0,2291.0,0.115975484
2292.0,2292.0,0.15870255
2293.0,2293.0,0.45832506
2294.0,2294.0,0.28794575
2295.0,2295.0,0.22435392
2296.0,2296.0,0.320067
2297.0,2297.0,0.36792758
2298.0,2298.0,0.30607748
2299.0,2299.0,0.37659603
2300.0,2300.0,0.33051005
2301.0,2301.0,0.48547766
2302.0,2302.0,0.39856988
2303.0,2303.0,0.5440859
2304.0,2304.0,0.46360254
2305.0,2305.0,0.08443329
2306.0,2306.0,0.2070833
2307.0,2307.0,0.0674307
2308.0,2308.0,0.066298746
2309.0,2309.0,0.0846727
2310.0,2310.0,0.51737875
2311.0,2311.0,0.47848704
2312.0,2312.0,0.14953478
2313.0,2313.0,0.27544942
2314.0,2314.0,0.5406457
2315.0,2315.0,0.3856544
2316.0,2316.0,0.52416235
2317.0,2317.0,0.13122351
2318.0,2318.0,0.6282587
2319.0,2319.0,0.38459596
2320.0,2320.0,0.04771743
2321.0,2321.0,0.2262906
2322.0,2322.0,0.3619621
2323.0,2323.0,0.08104089
2324.0,2324.0,0.16952002
2325.0,2325.0,0.15455452
2326.0,2326.0,0.35796136
2327.0,2327.0,0.29238474
2328.0,2328.0,0.4578338
2329.0,2329.0,0.28220287
2330.0,2330.0,0.6001919
2331.0,2331.0,0.24700235
2332.0,2332.0,0.5823235
2333.0,2333.0,0.02773046
2334.0,2334.0,0.2845736
2335.0,2335.0,0.063139625
2336.0,2336.0,0.4592051
2337.0,2337.0,0.33038825
2338.0,2338.0,0.44868073
2339.0,2339.0,0.33375287
2340.0,2340.0,0.14321107
2341.0,2341.0,0.3958337
2342.0,2342.0,0.38336125
2343.0,2343.0,0.092560284
2344.0,2344.0,0.59662664
2345.0,2345.0,0.4944745
2346.0,2346.0,0.4207104
2347.0,2347.0,0.45153776
2348.0,2348.0,0.22671863
2349.0,2349.0,0.27512524
2350.0,2350.0,0.43037525
2351.0,2351.0,0.14296962
2352.0,2352.0,0.42556202
2353.0,2353.0,0.31406683
2354.0,2354.0,0.13977408
2355.0,2355.0,0.1722496
2356.0,2356.0,0.17016189
2357.0,2357.0,0.27609497
2358.0,2358.0,0.23633544
2359.0,2359.0,0.24362904
2360.0,2360.0,0.108478725
2361.0,2361.0,0.08738286
2362.0,2362.0,0.11514946
2363.0,2363.0,0.3289264
2364.0,2364.0,0.38588154
2365.0,2365.0,0.34090298
2366.0,2366.0,0.40243527
2367.0,2367.0,0.17510757
2368.0,2368.0,0.5273257
2369.0,2369.0,0.20164435
2370.0,2370.0,0.40408847
2371.0,2371.0,0.33062804
2372.0,2372.0,0.0974677
2373.0,2373.0,0.2875574
2374.0,2374.0,0.444221
2375.0,2375.0,0.36539963
2376.0,2376.0,0.57934964
2377.0,2377.0,0.30700856
2378.0,2378.0,0.35799155
2379.0,2379.0,0.34195217
2380.0,2380.0,0.33075696
2381.0,2381.0,0.31611288
2382.0,2382.0,0.5473948
2383.0,2383.0,0.24265942
2384.0,2384.0,0.49620292
2385.0,2385.0,0.3982234
2386.0,2386.0,0.28223038
2387.0,2387.0,0.42065054
2388.0,2388.0,0.27244368
2389.0,2389.0,0.41959313
2390.0,2390.0,0.29646444
2391.0,2391.0,0.42705822
2392.0,2392.0,0.53328735
2393.0,2393.0,0.5624635
2394.0,2394.0,0.1296887
2395.0,2395.0,0.54996306
2396.0,2396.0,0.21057294
2397.0,2397.0,0.28032866
2398.0,2398.0,0.2897139
2399.0,2399.0,0.19191317
2400.0,2400.0,0.16550592
2401.0,2401.0,0.21580301
2402.0,2402.0,0.10126401
2403.0,2403.0,0.1592049
2404.0,2404.0,0.15894632
2405.0,2405.0,0.34627602
2406.0,2406.0,0.13056676
2407.0,2407.0,0.37037593
2408.0,2408.0,0.29055566
2409.0,2409.0,0.16708772
2410.0,2410.0,0.37758029
2411.0,2411.0,0.1886864
2412.0,2412.0,0.2639559
2413.0,2413.0,0.58617485
2414.0,2414.0,0.5178584
2415.0,2415.0,0.119118094
2416.0,2416.0,0.3525709
2417.0,2417.0,0.33081648
2418.0,2418.0,0.4820145
2419.0,2419.0,0.22715919
2420.0,2420.0,0.507934
2421.0,2421.0,0.4126873
2422.0,2422.0,0.7013377
2423.0,2423.0,0.40183005
2424.0,2424.0,0.28107628
2425.0,2425.0,0.41679788
2426.0,2426.0,0.3737116
2427.0,2427.0,0.27802688
2428.0,2428.0,0.4329616
2429.0,2429.0,0.3551613
2430.0,2430.0,0.55074966
2431.0,2431.0,0.39355144
2432.0,2432.0,0.1737071
2433.0,2433.0,0.33870518
2434.0,2434.0,0.26844734
2435.0,2435.0,0.4911717
2436.0,2436.0,0.3564994
2437.0,2437.0,0.343917
2438.0,2438.0,0.10104451
2439.0,2439.0,0.18175937
2440.0,2440.0,0.47732118
2441.0,2441.0,0.4220679
2442.0,2442.0,0.28674716
2443.0,2443.0,0.39587438
2444.0,2444.0,0.26654932
2445.0,2445.0,0.5231247
2446.0,2446.0,0.20457336
2447.0,2447.0,0.23477614
2448.0,2448.0,0.123230465
2449.0,2449.0,0.13711335
2450.0,2450.0,0.104984105
2451.0,2451.0,0.05300237
2452.0,2452.0,0.23143156
2453.0,2453.0,0.4133406
2454.0,2454.0,0.33795562
2455.0,2455.0,0.09982398
2456.0,2456.0,0.09857791
2457.0,2457.0,0.38066432
2458.0,2458.0,0.5043106
2459.0,2459.0,0.08136813
2460.0,2460.0,0.08919442
2461.0,2461.0,0.4529501
2462.0,2462.0,0.37214506
2463.0,2463.0,0.34774646
2464.0,2464.0,0.25789306
2465.0,2465.0,0.43065366
2466.0,2466.0,0.14619663
2467.0,2467.0,0.22860761
2468.0,2468.0,0.18057984
2469.0,2469.0,0.1400719
2470.0,2470.0,0.39171058
2471.0,2471.0,0.5252068
2472.0,2472.0,0.36017168
2473.0,2473.0,0.57982486
2474.0,2474.0,0.27393925
2475.0,2475.0,0.19337296
2476.0,2476.0,0.32308248
2477.0,2477.0,0.3183411
2478.0,2478.0,0.41728565
2479.0,2479.0,0.15609132
2480.0,2480.0,0.23496804
2481.0,2481.0,0.2009107
2482.0,2482.0,0.37496743
2483.0,2483.0,0.1809549
2484.0,2484.0,0.24936685
2485.0,2485.0,0.033067558
2486.0,2486.0,0.19582362
2487.0,2487.0,0.2670807
2488.0,2488.0,0.18173817
2489.0,2489.0,0.52835196
2490.0,2490.0,0.56573623
2491.0,2491.0,0.51590896
2492.0,2492.0,0.15357524
2493.0,2493.0,0.30197108
2494.0,2494.0,0.548938
2495.0,2495.0,0.0980323
2496.0,2496.0,0.5159016
2497.0,2497.0,0.45229068
2498.0,2498.0,0.20418558
2499.0,2499.0,0.48904073
2500.0,2500.0,0.48251808
2501.0,2501.0,0.5536463
2502.0,2502.0,0.24629584
2503.0,2503.0,0.14289945
2504.0,2504.0,0.22063968
2505.0,2505.0,0.3445156
2506.0,2506.0,0.2598057
2507.0,2507.0,0.35904735
2508.0,2508.0,0.3766572
2509.0,2509.0,0.10587482
2510.0,2510.0,0.4718441
2511.0,2511.0,0.1294034
2512.0,2512.0,0.34802854
2513.0,2513.0,0.08962264
2514.0,2514.0,0.31936875
2515.0,2515.0,0.6243953
2516.0,2516.0,0.34419408
2517.0,2517.0,0.25939324
2518.0,2518.0,0.42748404
2519.0,2519.0,0.13491833
2520.0,2520.0,0.28390396
2521.0,2521.0,0.23419736
2522.0,2522.0,0.10956794
2523.0,2523.0,0.5100402
2524.0,2524.0,0.47075537
2525.0,2525.0,0.3698841
2526.0,2526.0,0.10256469
2527.0,2527.0,0.6658596
2528.0,2528.0,0.44801787
2529.0,2529.0,0.22046971
2530.0,2530.0,0.18992797
2531.0,2531.0,0.29792225
2532.0,2532.0,0.700292
2533.0,2533.0,0.45817465
2534.0,2534.0,0.24347623
2535.0,2535.0,0.20842683
2536.0,2536.0,0.23892699
2537.0,2537.0,0.38502958
2538.0,2538.0,0.2025397
2539.0,2539.0,0.050732717
2540.0,2540.0,0.40491703
2541.0,2541.0,0.20255297
2542.0,2542.0,0.2811687
2543.0,2543.0,0.13663112
2544.0,2544.0,0.0634988
2545.0,2545.0,0.36549184
2546.0,2546.0,0.2598196
2547.0,2547.0,0.12178937
2548.0,2548.0,0.0802073
2549.0,2549.0,0.31702346
2550.0,2550.0,0.09855949
2551.0,2551.0,0.3793196
2552.0,2552.0,0.29143828
2553.0,2553.0,0.21914998
2554.0,2554.0,0.059168685
2555.0,2555.0,0.10886388
2556.0,2556.0,0.22630225
2557.0,2557.0,0.10054375
2558.0,2558.0,0.29023468
2559.0,2559.0,0.3963325
2560.0,2560.0,0.2987692
2561.0,2561.0,0.5270977
2562.0,2562.0,0.18328856
2563.0,2563.0,0.054705888
2564.0,2564.0,0.36538726
2565.0,2565.0,0.49285504
2566.0,2566.0,0.07427162
2567.0,2567.0,0.27590558
2568.0,2568.0,0.08954222
2569.0,2569.0,0.3239927
2570.0,2570.0,0.4524217
2571.0,2571.0,0.07219323
2572.0,2572.0,0.5692172
2573.0,2573.0,0.14501704
2574.0,2574.0,0.2936053
2575.0,2575.0,0.20357773
2576.0,2576.0,0.17770407
2577.0,2577.0,0.33021635
2578.0,2578.0,0.5816703
2579.0,2579.0,0.14311431
2580.0,2580.0,0.18668725
2581.0,2581.0,0.3510665
2582.0,2582.0,0.09715009
2583.0,2583.0,0.33986458
2584.0,2584.0,0.19396302
2585.0,2585.0,0.16947554
2586.0,2586.0,0.22773537
2587.0,2587.0,0.2638221
2588.0,2588.0,0.4729959
2589.0,2589.0,0.53410476
2590.0,2590.0,0.28335175
2591.0,2591.0,0.27060947
2592.0,2592.0,0.11130718
2593.0,2593.0,0.30161875
2594.0,2594.0,0.39332223
2595.0,2595.0,0.23004892
2596.0,2596.0,0.26850757
2597.0,2597.0,0.5396665
2598.0,2598.0,0.64156157
2599.0,2599.0,0.52655596
2600.0,2600.0,0.41109598
2601.0,2601.0,0.6203712
2602.0,2602.0,0.119083196
2603.0,2603.0,0.41501775
2604.0,2604.0,0.38699955
2605.0,2605.0,0.63669115
2606.0,2606.0,0.2580843
2607.0,2607.0,0.34072563
2608.0,2608.0,0.29574695
2609.0,2609.0,0.10595284
2610.0,2610.0,0.2988736
2611.0,2611.0,0.6723204
2612.0,2612.0,0.21108079
2613.0,2613.0,0.37454206
2614.0,2614.0,0.086617574
2615.0,2615.0,0.1349708
2616.0,2616.0,0.10617676
2617.0,2617.0,0.15242489
2618.0,2618.0,0.3062314
2619.0,2619.0,0.23474327
2620.0,2620.0,0.0930061
2621.0,2621.0,0.34658238
2622.0,2622.0,0.15917325
2623.0,2623.0,0.14639273
2624.0,2624.0,0.5663801
2625.0,2625.0,0.30419552
2626.0,2626.0,0.34635556
2627.0,2627.0,0.519347
2628.0,2628.0,0.42971173
2629.0,2629.0,0.5314766
2630.0,2630.0,0.26718804
2631.0,2631.0,0.23906058
2632.0,2632.0,0.08365495
2633.0,2633.0,0.27186167
2634.0,2634.0,0.34698918
2635.0,2635.0,0.31081927
2636.0,2636.0,0.10288189
2637.0,2637.0,0.4709918
2638.0,2638.0,0.38093692
2639.0,2639.0,0.17132981
2640.0,2640.0,0.6877003
2641.0,2641.0,0.5299736
2642.0,2642.0,0.19647585
2643.0,2643.0,0.20472997
2644.0,2644.0,0.2659329
2645.0,2645.0,0.56179005
2646.0,2646.0,0.2756533
2647.0,2647.0,0.15093249
2648.0,2648.0,0.26586813
2649.0,2649.0,0.35641247
2650.0,2650.0,0.45023274
2651.0,2651.0,0.5805503
2652.0,2652.0,0.0872504
2653.0,2653.0,0.37105602
2654.0,2654.0,0.39657497
2655.0,2655.0,0.24145678
2656.0,2656.0,0.4641366
2657.0,2657.0,0.2613325
2658.0,2658.0,0.27083573
2659.0,2659.0,0.10462729
2660.0,2660.0,0.6390367
2661.0,2661.0,0.33245882
2662.0,2662.0,0.62794226
2663.0,2663.0,0.08220899
2664.0,2664.0,0.3697854
2665.0,2665.0,0.5869636
2666.0,2666.0,0.38365218
2667.0,2667.0,0.3030538
2668.0,2668.0,0.13164487
2669.0,2669.0,0.424745
2670.0,2670.0,0.09396025
2671.0,2671.0,0.18814829
2672.0,2672.0,0.5115155
2673.0,2673.0,0.39902875
2674.0,2674.0,0.35106954
2675.0,2675.0,0.2575373
2676.0,2676.0,0.4652833
2677.0,2677.0,0.1669843
2678.0,2678.0,0.28010815
2679.0,2679.0,0.32014364
2680.0,2680.0,0.43781334
2681.0,2681.0,0.1325987
2682.0,2682.0,0.7112946
2683.0,2683.0,0.23550388
2684.0,2684.0,0.19381544
2685.0,2685.0,0.29121235
2686.0,2686.0,0.15807159
2687.0,2687.0,0.39158198
2688.0,2688.0,0.5370052
2689.0,2689.0,0.16613446
2690.0,2690.0,0.51403296
2691.0,2691.0,0.0946969
2692.0,2692.0,0.4541962
2693.0,2693.0,0.13864285
2694.0,2694.0,0.16903022
2695.0,2695.0,0.48120454
2696.0,2696.0,0.3237275
2697.0,2697.0,0.40143323
2698.0,2698.0,0.6032161
2699.0,2699.0,0.41247445
2700.0,2700.0,0.38636133
2701.0,2701.0,0.38531303
2702.0,2702.0,0.33110145
2703.0,2703.0,0.08731637
2704.0,2704.0,0.48731092
2705.0,2705.0,0.29054365
2706.0,2706.0,0.21833609
2707.0,2707.0,0.60837424
2708.0,2708.0,0.11131219
2709.0,2709.0,0.51076794
2710.0,2710.0,0.20036845
2711.0,2711.0,0.6711208
2712.0,2712.0,0.62251997
2713.0,2713.0,0.31832
2714.0,2714.0,0.13671835
2715.0,2715.0,0.31626016
2716.0,2716.0,0.3337184
2717.0,2717.0,0.54241663
2718.0,2718.0,0.27952528
2719.0,2719.0,0.18797974
2720.0,2720.0,0.17759977
2721.0,2721.0,0.354039
2722.0,2722.0,0.24281208
2723.0,2723.0,0.4466875
2724.0,2724.0,0.18141101
2725.0,2725.0,0.49207005
2726.0,2726.0,0.4531154
2727.0,2727.0,0.5396545
2728.0,2728.0,0.4716646
2729.0,2729.0,0.27014267
2730.0,2730.0,0.3081992
2731.0,2731.0,0.18330462
2732.0,2732.0,0.67378175
2733.0,2733.0,0.7084264
2734.0,2734.0,0.2998774
2735.0,2735.0,0.6795276
2736.0,2736.0,0.56476367
2737.0,2737.0,0.16050792
2738.0,2738.0,0.05925815
2739.0,2739.0,0.18056984
2740.0,2740.0,0.58267957
2741.0,2741.0,0.39293423
2742.0,2742.0,0.18558945
2743.0,2743.0,0.28578845
2744.0,2744.0,0.23576643
2745.0,2745.0,0.44559237
2746.0,2746.0,0.5302037
2747.0,2747.0,0.55542046
2748.0,2748.0,0.2891538
2749.0,2749.0,0.56188697
2750.0,2750.0,0.52682894
2751.0,2751.0,0.049227502
2752.0,2752.0,0.1828243
2753.0,2753.0,0.33866906
2754.0,2754.0,0.5876352
2755.0,2755.0,0.100065194
2756.0,2756.0,0.27485806
2757.0,2757.0,0.53048825
2758.0,2758.0,0.38301042
2759.0,2759.0,0.2626906
2760.0,2760.0,0.42129534
2761.0,2761.0,0.265068
2762.0,2762.0,0.06593132
2763.0,2763.0,0.070567675
2764.0,2764.0,0.5523697
2765.0,2765.0,0.14808421
2766.0,2766.0,0.38428092
2767.0,2767.0,0.46818554
2768.0,2768.0,0.35558036
2769.0,2769.0,0.100528866
2770.0,2770.0,0.47213715
2771.0,2771.0,0.34980527
2772.0,2772.0,0.54049355
2773.0,2773.0,0.47660998
2774.0,2774.0,0.20630985
2775.0,2775.0,0.3441265
2776.0,2776.0,0.54400885
2777.0,2777.0,0.15543069
2778.0,2778.0,0.47944558
2779.0,2779.0,0.42865083
2780.0,2780.0,0.26670086
2781.0,2781.0,0.6262251
2782.0,2782.0,0.5227222
2783.0,2783.0,0.09199911
2784.0,2784.0,0.3488241
2785.0,2785.0,0.57526004
2786.0,2786.0,0.5230084
2787.0,2787.0,0.034596823
2788.0,2788.0,0.32909858
2789.0,2789.0,0.43452656
2790.0,2790.0,0.09140937
2791.0,2791.0,0.080904245
2792.0,2792.0,0.26262018
2793.0,2793.0,0.23789056
2794.0,2794.0,0.46871743
2795.0,2795.0,0.26355305
2796.0,2796.0,0.36665496
2797.0,2797.0,0.39028022
2798.0,2798.0,0.33126706
2799.0,2799.0,0.3235293
2800.0,2800.0,0.54299533
2801.0,2801.0,0.3378941
2802.0,2802.0,0.5403906
2803.0,2803.0,0.4163067
2804.0,2804.0,0.47326165
2805.0,2805.0,0.5155077
2806.0,2806.0,0.2355782
2807.0,2807.0,0.079906195
2808.0,2808.0,0.10648275
2809.0,2809.0,0.27860132
2810.0,2810.0,0.1792756
2811.0,2811.0,0.39161566
2812.0,2812.0,0.4445227
2813.0,2813.0,0.283929
2814.0,2814.0,0.25364032
2815.0,2815.0,0.22332555
2816.0,2816.0,0.09525495
2817.0,2817.0,0.20002764
2818.0,2818.0,0.19910736
2819.0,2819.0,0.4359061
2820.0,2820.0,0.25433692
2821.0,2821.0,0.45217323
2822.0,2822.0,0.3508941
2823.0,2823.0,0.40870887
2824.0,2824.0,0.265253
2825.0,2825.0,0.33021182
2826.0,2826.0,0.33089557
2827.0,2827.0,0.445529
2828.0,2828.0,0.18890868
2829.0,2829.0,0.10485693
2830.0,2830.0,0.1581459
2831.0,2831.0,0.46663058
2832.0,2832.0,0.34529722
2833.0,2833.0,0.1646734
2834.0,2834.0,0.31152233
2835.0,2835.0,0.41957802
2836.0,2836.0,0.16778417
2837.0,2837.0,0.41933843
2838.0,2838.0,0.579851
2839.0,2839.0,0.1947793
2840.0,2840.0,0.17327464
2841.0,2841.0,0.03499851
2842.0,2842.0,0.37350288
2843.0,2843.0,0.4994392
2844.0,2844.0,0.2543103
2845.0,2845.0,0.3363639
2846.0,2846.0,0.35558805
2847.0,2847.0,0.35627422
2848.0,2848.0,0.41943112
2849.0,2849.0,0.3525421
2850.0,2850.0,0.21767625
2851.0,2851.0,0.45733103
2852.0,2852.0,0.26552558
2853.0,2853.0,0.47133303
2854.0,2854.0,0.32594198
2855.0,2855.0,0.37909597
2856.0,2856.0,0.539852
2857.0,2857.0,0.14871478
2858.0,2858.0,0.2917678
2859.0,2859.0,0.67500466
2860.0,2860.0,0.08913914
2861.0,2861.0,0.33030412
2862.0,2862.0,0.2817616
2863.0,2863.0,0.6346612
2864.0,2864.0,0.23228954
2865.0,2865.0,0.48782673
2866.0,2866.0,0.38886693
2867.0,2867.0,0.30700487
2868.0,2868.0,0.08568742
2869.0,2869.0,0.2263677
2870.0,2870.0,0.1762423
2871.0,2871.0,0.214744
2872.0,2872.0,0.15315744
2873.0,2873.0,0.21085818
2874.0,2874.0,0.15445092
2875.0,2875.0,0.5361991
2876.0,2876.0,0.5428127
2877.0,2877.0,0.23786648
2878.0,2878.0,0.33480054
2879.0,2879.0,0.38572887
2880.0,2880.0,0.16323742
2881.0,2881.0,0.4448539
2882.0,2882.0,0.33172852
2883.0,2883.0,0.34648436
2884.0,2884.0,0.39414686
2885.0,2885.0,0.44122747
2886.0,2886.0,0.42365965
2887.0,2887.0,0.158782
2888.0,2888.0,0.27011597
2889.0,2889.0,0.29810053
2890.0,2890.0,0.14469905
2891.0,2891.0,0.44856715
2892.0,2892.0,0.33697182
2893.0,2893.0,0.63144994
2894.0,2894.0,0.41263255
2895.0,2895.0,0.37531185
2896.0,2896.0,0.15147597
2897.0,2897.0,0.26269063
2898.0,2898.0,0.4504955
2899.0,2899.0,0.26495102
2900.0,2900.0,0.55965465
2901.0,2901.0,0.14801346
2902.0,2902.0,0.32009155
2903.0,2903.0,0.10244573
2904.0,2904.0,0.013195847
2905.0,2905.0,0.6004128
2906.0,2906.0,0.032758173
2907.0,2907.0,0.21307191
2908.0,2908.0,0.60655445
2909.0,2909.0,0.11831524
2910.0,2910.0,0.5937243
2911.0,2911.0,0.2999017
2912.0,2912.0,0.16434899
2913.0,2913.0,0.44560796
2914.0,2914.0,0.08213648
2915.0,2915.0,0.5272243
2916.0,2916.0,0.33186892
2917.0,2917.0,0.2738626
2918.0,2918.0,0.302776
2919.0,2919.0,0.27243868
2920.0,2920.0,0.6640389
2921.0,2921.0,0.3512577
2922.0,2922.0,0.19945338
2923.0,2923.0,0.26755968
2924.0,2924.0,0.19732128
2925.0,2925.0,0.17199188
2926.0,2926.0,0.5140691
2927.0,2927.0,0.1473086
2928.0,2928.0,0.16793205
2929.0,2929.0,0.51963437
2930.0,2930.0,0.2397327
2931.0,2931.0,0.31264424
2932.0,2932.0,0.45911223
2933.0,2933.0,0.37188688
2934.0,2934.0,0.48653156
2935.0,2935.0,0.18069364
2936.0,2936.0,0.3537466
2937.0,2937.0,0.31905016
2938.0,2938.0,0.2177168
2939.0,2939.0,0.47162014
2940.0,2940.0,0.31187326
2941.0,2941.0,0.23688745
2942.0,2942.0,0.5833887
2943.0,2943.0,0.12130262
2944.0,2944.0,0.16800353
2945.0,2945.0,0.07434543
2946.0,2946.0,0.39815935
2947.0,2947.0,0.5611705
2948.0,2948.0,0.41739196
2949.0,2949.0,0.5484875
2950.0,2950.0,0.11796783
2951.0,2951.0,0.48502886
2952.0,2952.0,0.35738128
2953.0,2953.0,0.34367463
2954.0,2954.0,0.5278038
2955.0,2955.0,0.35770777
2956.0,2956.0,0.27326736
2957.0,2957.0,0.3501211
2958.0,2958.0,0.13278165
2959.0,2959.0,0.31058523
2960.0,2960.0,0.38452202
2961.0,2961.0,0.40740055
2962.0,2962.0,0.13326915
2963.0,2963.0,0.3333468
2964.0,2964.0,0.048835643
2965.0,2965.0,0.34590828
2966.0,2966.0,0.35845718
2967.0,2967.0,0.46699896
2968.0,2968.0,0.23098545
2969.0,2969.0,0.028116109
2970.0,2970.0,0.57652223
2971.0,2971.0,0.15527532
2972.0,2972.0,0.18992369
2973.0,2973.0,0.10119621
2974.0,2974.0,0.33607578
2975.0,2975.0,0.18229519
2976.0,2976.0,0.42119104
2977.0,2977.0,0.43788162
2978.0,2978.0,0.64633477
2979.0,2979.0,0.39829114
2980.0,2980.0,0.64448357
2981.0,2981.0,0.21470365
2982.0,2982.0,0.5857541
2983.0,2983.0,0.3020598
2984.0,2984.0,0.44084865
2985.0,2985.0,0.18712848
2986.0,2986.0,0.2477265
2987.0,2987.0,0.16848505
2988.0,2988.0,0.15540092
2989.0,2989.0,0.5855287
2990.0,2990.0,0.17353183
2991.0,2991.0,0.4527134
2992.0,2992.0,0.15228242
2993.0,2993.0,0.33417156
2994.0,2994.0,0.15377004
2995.0,2995.0,0.17629716
2996.0,2996.0,0.1303066
2997.0,2997.0,0.610558
2998.0,2998.0,0.10071081
2999.0,2999.0,0.26829356
3000.0,3000.0,0.061520915
3001.0,3001.0,0.07278932
3002.0,3002.0,0.23407498
3003.0,3003.0,0.45020208
3004.0,3004.0,0.33679765
3005.0,3005.0,0.29731375
3006.0,3006.0,0.26973963
3007.0,3007.0,0.15760085
3008.0,3008.0,0.07812744
3009.0,3009.0,0.20673965
3010.0,3010.0,0.37969807
3011.0,3011.0,0.45050207
3012.0,3012.0,0.057425607
3013.0,3013.0,0.43794432
3014.0,3014.0,0.14891873
3015.0,3015.0,0.22344534
3016.0,3016.0,0.40463305
3017.0,3017.0,0.3281566
3018.0,3018.0,0.47635454
3019.0,3019.0,0.15267375
3020.0,3020.0,0.15797462
3021.0,3021.0,0.6189553
3022.0,3022.0,0.2628208
3023.0,3023.0,0.61336225
3024.0,3024.0,0.3078628
3025.0,3025.0,0.27241302
3026.0,3026.0,0.16619156
3027.0,3027.0,0.6308015
3028.0,3028.0,0.16542736
3029.0,3029.0,0.27925286
3030.0,3030.0,0.14493966
3031.0,3031.0,0.43033102
3032.0,3032.0,0.45465356
3033.0,3033.0,0.25327116
3034.0,3034.0,0.122755036
3035.0,3035.0,0.53724277
3036.0,3036.0,0.47435012
3037.0,3037.0,0.33631837
3038.0,3038.0,0.22874276
3039.0,3039.0,0.10354735
3040.0,3040.0,0.35441217
3041.0,3041.0,0.4404887
3042.0,3042.0,0.2932734
3043.0,3043.0,0.16603924
3044.0,3044.0,0.6831805
3045.0,3045.0,0.53502
3046.0,3046.0,0.39020163
3047.0,3047.0,0.29303816
3048.0,3048.0,0.44467366
3049.0,3049.0,0.6010984
3050.0,3050.0,0.56104773
3051.0,3051.0,0.016255055
3052.0,3052.0,0.22056697
3053.0,3053.0,0.13266638
3054.0,3054.0,0.4291996
3055.0,3055.0,0.289275
3056.0,3056.0,0.43491456
3057.0,3057.0,0.3543115
3058.0,3058.0,0.26277885
3059.0,3059.0,0.13412109
3060.0,3060.0,0.44043624
3061.0,3061.0,0.38371477
3062.0,3062.0,0.078734845
3063.0,3063.0,0.15026271
3064.0,3064.0,0.12829497
3065.0,3065.0,0.3903882
3066.0,3066.0,0.2078172
3067.0,3067.0,0.22653371
3068.0,3068.0,0.44620046
3069.0,3069.0,0.3071658
3070.0,3070.0,0.17546295
3071.0,3071.0,0.5832765
3072.0,3072.0,0.5813531
3073.0,3073.0,0.2674083
3074.0,3074.0,0.23561873
3075.0,3075.0,0.2738426
3076.0,3076.0,0.47132656
3077.0,3077.0,0.467475
3078.0,3078.0,0.33286297
3079.0,3079.0,0.33270583
3080.0,3080.0,0.60679007
3081.0,3081.0,0.41081154
3082.0,3082.0,0.4488219
3083.0,3083.0,0.18169697
3084.0,3084.0,0.5564832
3085.0,3085.0,0.560663
3086.0,3086.0,0.24000047
3087.0,3087.0,0.29552212
3088.0,3088.0,0.16801418
3089.0,3089.0,0.4247467
3090.0,3090.0,0.28392616
3091.0,3091.0,0.45151764
3092.0,3092.0,0.10189433
3093.0,3093.0,0.17273234
3094.0,3094.0,0.17841893
3095.0,3095.0,0.12043466
3096.0,3096.0,0.3876977
3097.0,3097.0,0.26434267
3098.0,3098.0,0.11623934
3099.0,3099.0,0.5428669
3100.0,3100.0,0.51672417
3101.0,3101.0,0.47747883
3102.0,3102.0,0.24900764
3103.0,3103.0,0.5164269
3104.0,3104.0,0.4587137
3105.0,3105.0,0.18807411
3106.0,3106.0,0.26265234
3107.0,3107.0,0.51956856
3108.0,3108.0,0.16052186
3109.0,3109.0,0.15351576
3110.0,3110.0,0.5288847
3111.0,3111.0,0.16355212
3112.0,3112.0,0.40142623
3113.0,3113.0,0.16444716
3114.0,3114.0,0.05998881
3115.0,3115.0,0.14482696
3116.0,3116.0,0.4996834
3117.0,3117.0,0.5048093
3118.0,3118.0,0.20225906
3119.0,3119.0,0.17267603
3120.0,3120.0,0.055501014
3121.0,3121.0,0.04570283
3122.0,3122.0,0.2204145
3123.0,3123.0,0.22847046
3124.0,3124.0,0.23871744
3125.0,3125.0,0.24097878
3126.0,3126.0,0.4922491
3127.0,3127.0,0.087067746
3128.0,3128.0,0.6463456
3129.0,3129.0,0.3884533
3130.0,3130.0,0.53230935
3131.0,3131.0,0.7020199
3132.0,3132.0,0.07456926
3133.0,3133.0,0.551147
3134.0,3134.0,0.07712015
3135.0,3135.0,0.6058101
3136.0,3136.0,0.15882654
3137.0,3137.0,0.10308805
3138.0,3138.0,0.32546252
3139.0,3139.0,0.39961717
3140.0,3140.0,0.47489282
3141.0,3141.0,0.08329341
3142.0,3142.0,0.59580207
3143.0,3143.0,0.6290131
3144.0,3144.0,0.30208018
3145.0,3145.0,0.29088584
3146.0,3146.0,0.3067171
3147.0,3147.0,0.13982512
3148.0,3148.0,0.13612734
3149.0,3149.0,0.16780221
3150.0,3150.0,0.5992748
3151.0,3151.0,0.41102493
3152.0,3152.0,0.48756814
3153.0,3153.0,0.158949
3154.0,3154.0,0.19406083
3155.0,3155.0,0.27659357
3156.0,3156.0,0.15404329
3157.0,3157.0,0.3446523
3158.0,3158.0,0.5449822
3159.0,3159.0,0.40022445
3160.0,3160.0,0.2575929
3161.0,3161.0,0.38535082
3162.0,3162.0,0.5444093
3163.0,3163.0,0.60257274
3164.0,3164.0,0.42800075
3165.0,3165.0,0.39500943
3166.0,3166.0,0.620297
3167.0,3167.0,0.31567553
3168.0,3168.0,0.440408
3169.0,3169.0,0.29124832
3170.0,3170.0,0.37479618
3171.0,3171.0,0.14508222
3172.0,3172.0,0.10137242
3173.0,3173.0,0.11828697
3174.0,3174.0,0.39585537
3175.0,3175.0,0.26827767
3176.0,3176.0,0.37342566
3177.0,3177.0,0.37522614
3178.0,3178.0,0.4392536
3179.0,3179.0,0.10935206
3180.0,3180.0,0.084870316
3181.0,3181.0,0.20296998
3182.0,3182.0,0.29832354
3183.0,3183.0,0.19281545
3184.0,3184.0,0.58177334
3185.0,3185.0,0.3985467
3186.0,3186.0,0.41450953
3187.0,3187.0,0.32706037
3188.0,3188.0,0.122018345
3189.0,3189.0,0.23324828
3190.0,3190.0,0.52408296
3191.0,3191.0,0.37106127
3192.0,3192.0,0.56535494
3193.0,3193.0,0.48347417
3194.0,3194.0,0.22492363
3195.0,3195.0,0.17118232
3196.0,3196.0,0.20618518
3197.0,3197.0,0.14616308
3198.0,3198.0,0.093211375
3199.0,3199.0,0.5104273
3200.0,3200.0,0.20187713
3201.0,3201.0,0.56831485
3202.0,3202.0,0.19628973
3203.0,3203.0,0.27418193
3204.0,3204.0,0.5962941
3205.0,3205.0,0.5378751
3206.0,3206.0,0.40379795
3207.0,3207.0,0.16801192
3208.0,3208.0,0.25923467
3209.0,3209.0,0.52391535
3210.0,3210.0,0.30788428
3211.0,3211.0,0.26573482
3212.0,3212.0,0.11044767
3213.0,3213.0,0.38325712
3214.0,3214.0,0.45970985
3215.0,3215.0,0.28045082
3216.0,3216.0,0.4433182
3217.0,3217.0,0.30958197
3218.0,3218.0,0.2659822
3219.0,3219.0,0.021740887
3220.0,3220.0,0.31020465
3221.0,3221.0,0.37265718
3222.0,3222.0,0.17252292
3223.0,3223.0,0.14110799
3224.0,3224.0,0.2909913
3225.0,3225.0,0.14149474
3226.0,3226.0,0.17893806
3227.0,3227.0,0.2064136
3228.0,3228.0,0.27407378
3229.0,3229.0,0.20159818
3230.0,3230.0,0.4321251
3231.0,3231.0,0.21642789
3232.0,3232.0,0.20710494
3233.0,3233.0,0.2494523
3234.0,3234.0,0.1347419
3235.0,3235.0,0.39096943
3236.0,3236.0,0.22447331
3237.0,3237.0,0.77575177
3238.0,3238.0,0.5622113
3239.0,3239.0,0.20439973
3240.0,3240.0,0.4376102
3241.0,3241.0,0.1793218
3242.0,3242.0,0.17252406
3243.0,3243.0,0.5060543
3244.0,3244.0,0.41979954
3245.0,3245.0,0.07527073
3246.0,3246.0,0.43961582
3247.0,3247.0,0.21491764
3248.0,3248.0,0.5899964
3249.0,3249.0,0.26996145
3250.0,3250.0,0.27027115
3251.0,3251.0,0.45534062
3252.0,3252.0,0.5298374
3253.0,3253.0,0.09753098
3254.0,3254.0,0.44318366
3255.0,3255.0,0.05098292
3256.0,3256.0,0.51086813
3257.0,3257.0,0.56432974
3258.0,3258.0,0.29996687
3259.0,3259.0,0.34322128
3260.0,3260.0,0.15079516
3261.0,3261.0,0.29789594
3262.0,3262.0,0.5577643
3263.0,3263.0,0.12871006
3264.0,3264.0,0.7178017
3265.0,3265.0,0.13352336
3266.0,3266.0,0.30369028
3267.0,3267.0,0.34039173
3268.0,3268.0,0.2810623
3269.0,3269.0,0.24684106
3270.0,3270.0,0.29430225
3271.0,3271.0,0.1456131
3272.0,3272.0,0.2249661
3273.0,3273.0,0.21839902
3274.0,3274.0,0.16714025
3275.0,3275.0,0.1863163
3276.0,3276.0,0.17714915
3277.0,3277.0,0.24591205
3278.0,3278.0,0.45625705
3279.0,3279.0,0.38798982
3280.0,3280.0,0.23150297
3281.0,3281.0,0.16049337
3282.0,3282.0,0.13626006
3283.0,3283.0,0.12021813
3284.0,3284.0,0.49455494
3285.0,3285.0,0.5614125
3286.0,3286.0,0.38043833
3287.0,3287.0,0.21966052
3288.0,3288.0,0.5381049
3289.0,3289.0,0.34798205
3290.0,3290.0,0.6125663
3291.0,3291.0,0.49919918
3292.0,3292.0,0.35142323
3293.0,3293.0,0.21588407
3294.0,3294.0,0.17363484
3295.0,3295.0,0.36471367
3296.0,3296.0,0.36421263
3297.0,3297.0,0.23599948
3298.0,3298.0,0.4805688
3299.0,3299.0,0.35990873
3300.0,3300.0,0.51031107
3301.0,3301.0,0.4425272
3302.0,3302.0,0.44020215
3303.0,3303.0,0.3666809
3304.0,3304.0,0.46118465
3305.0,3305.0,0.13230784
3306.0,3306.0,0.106501766
3307.0,3307.0,0.61568147
3308.0,3308.0,0.16963176
3309.0,3309.0,0.10885986
3310.0,3310.0,0.38948184
3311.0,3311.0,0.3917487
3312.0,3312.0,0.49955076
3313.0,3313.0,0.5606248
3314.0,3314.0,0.65824735
3315.0,3315.0,0.5529654
3316.0,3316.0,0.10378578
3317.0,3317.0,0.6328458
3318.0,3318.0,0.42290995
3319.0,3319.0,0.4509772
3320.0,3320.0,0.20128976
3321.0,3321.0,0.09495358
3322.0,3322.0,0.439465
3323.0,3323.0,0.13874489
3324.0,3324.0,0.30290216
3325.0,3325.0,0.29723644
3326.0,3326.0,0.32748032
3327.0,3327.0,0.25209594
3328.0,3328.0,0.32768854
3329.0,3329.0,0.25289893
3330.0,3330.0,0.5202709
3331.0,3331.0,0.462346
3332.0,3332.0,0.15215224
3333.0,3333.0,0.40244213
3334.0,3334.0,0.2087404
3335.0,3335.0,0.5111754
3336.0,3336.0,0.35958552
3337.0,3337.0,0.44602492
3338.0,3338.0,0.09170963
3339.0,3339.0,0.08521299
3340.0,3340.0,0.550904
3341.0,3341.0,0.5229658
3342.0,3342.0,0.18940395
3343.0,3343.0,0.21765587
3344.0,3344.0,0.4309618
3345.0,3345.0,0.14659281
3346.0,3346.0,0.33941814
3347.0,3347.0,0.3482754
3348.0,3348.0,0.2847791
3349.0,3349.0,0.37547347
3350.0,3350.0,0.2666872
3351.0,3351.0,0.5879824
3352.0,3352.0,0.2546234
3353.0,3353.0,0.039659265
3354.0,3354.0,0.4587084
3355.0,3355.0,0.28885832
3356.0,3356.0,0.44663966
3357.0,3357.0,0.24781984
3358.0,3358.0,0.41194376
3359.0,3359.0,0.1263673
3360.0,3360.0,0.4396028
3361.0,3361.0,0.4910579
3362.0,3362.0,0.28737327
3363.0,3363.0,0.5635631
3364.0,3364.0,0.32468253
3365.0,3365.0,0.6875555
3366.0,3366.0,0.4588121
3367.0,3367.0,0.25021115
3368.0,3368.0,0.12972768
3369.0,3369.0,0.08067914
3370.0,3370.0,0.34975898
3371.0,3371.0,0.57239455
3372.0,3372.0,0.30041507
3373.0,3373.0,0.35453004
3374.0,3374.0,0.31942272
3375.0,3375.0,0.051082216
3376.0,3376.0,0.19318658
3377.0,3377.0,0.1003307
3378.0,3378.0,0.28232715
3379.0,3379.0,0.47875798
3380.0,3380.0,0.24817462
3381.0,3381.0,0.38206944
3382.0,3382.0,0.3521102
3383.0,3383.0,0.36743402
3384.0,3384.0,0.15263744
3385.0,3385.0,0.29705584
3386.0,3386.0,0.13978791
3387.0,3387.0,0.1621843
3388.0,3388.0,0.09841051
3389.0,3389.0,0.2941946
3390.0,3390.0,0.4730282
3391.0,3391.0,0.16024087
3392.0,3392.0,0.089853086
3393.0,3393.0,0.16758905
3394.0,3394.0,0.55574477
3395.0,3395.0,0.1522064
3396.0,3396.0,0.4572871
3397.0,3397.0,0.18569173
3398.0,3398.0,0.46237805
3399.0,3399.0,0.22052436
3400.0,3400.0,0.39540017
3401.0,3401.0,0.08676906
3402.0,3402.0,0.27731416
3403.0,3403.0,0.13963309
3404.0,3404.0,0.25146836
3405.0,3405.0,0.13019769
3406.0,3406.0,0.5407631
3407.0,3407.0,0.17485663
3408.0,3408.0,0.18780024
3409.0,3409.0,0.06992779
3410.0,3410.0,0.46224388
3411.0,3411.0,0.7337214
3412.0,3412.0,0.30521145
3413.0,3413.0,0.50932914
3414.0,3414.0,0.5252172
3415.0,3415.0,0.28316307
3416.0,3416.0,0.45129138
3417.0,3417.0,0.05573171
3418.0,3418.0,0.3039101
3419.0,3419.0,0.2899186
3420.0,3420.0,0.24318863
3421.0,3421.0,0.5640134
3422.0,3422.0,0.10701134
3423.0,3423.0,0.6539137
3424.0,3424.0,0.6251056
3425.0,3425.0,0.4986414
3426.0,3426.0,0.21771838
3427.0,3427.0,0.61390233
3428.0,3428.0,0.48587975
3429.0,3429.0,0.100415125
3430.0,3430.0,0.2874617
3431.0,3431.0,0.27745852
3432.0,3432.0,0.2615226
3433.0,3433.0,0.13905412
3434.0,3434.0,0.42547137
3435.0,3435.0,0.41504693
3436.0,3436.0,0.3249189
3437.0,3437.0,0.08572219
3438.0,3438.0,0.44199327
3439.0,3439.0,0.14540353
3440.0,3440.0,0.26559272
3441.0,3441.0,0.15916176
3442.0,3442.0,0.33448327
3443.0,3443.0,0.43888763
3444.0,3444.0,0.081493676
3445.0,3445.0,0.26382494
3446.0,3446.0,0.5881992
3447.0,3447.0,0.38529956
3448.0,3448.0,0.28844228
3449.0,3449.0,0.5807416
3450.0,3450.0,0.4780192
3451.0,3451.0,0.27468255
3452.0,3452.0,0.1935835
3453.0,3453.0,0.6606982
3454.0,3454.0,0.42289037
3455.0,3455.0,0.4681074
3456.0,3456.0,0.44051212
3457.0,3457.0,0.28112197
3458.0,3458.0,0.45400393
3459.0,3459.0,0.5858325
3460.0,3460.0,0.34589228
3461.0,3461.0,0.31739706
3462.0,3462.0,0.52658516
3463.0,3463.0,0.056268077
3464.0,3464.0,0.32602227
3465.0,3465.0,0.5741087
3466.0,3466.0,0.3353127
3467.0,3467.0,0.31555188
3468.0,3468.0,0.45444375
3469.0,3469.0,0.43145952
3470.0,3470.0,0.5186485
3471.0,3471.0,0.5516237
3472.0,3472.0,0.1127786
3473.0,3473.0,0.6038033
3474.0,3474.0,0.54079676
3475.0,3475.0,0.38758886
3476.0,3476.0,0.17896794
3477.0,3477.0,0.65027666
3478.0,3478.0,0.19453675
3479.0,3479.0,0.30722854
3480.0,3480.0,0.61093694
3481.0,3481.0,0.15368055
3482.0,3482.0,0.11981133
3483.0,3483.0,0.1312757
3484.0,3484.0,0.5151673
3485.0,3485.0,0.5405378
3486.0,3486.0,0.4422935
3487.0,3487.0,0.33032134
3488.0,3488.0,0.36960152
3489.0,3489.0,0.32850617
3490.0,3490.0,0.13536367
3491.0,3491.0,0.28817955
3492.0,3492.0,0.30518577
3493.0,3493.0,0.29276276
3494.0,3494.0,0.074170165
3495.0,3495.0,0.2489749
3496.0,3496.0,0.10845132
3497.0,3497.0,0.52888733
3498.0,3498.0,0.156715
3499.0,3499.0,0.4769654
3500.0,3500.0,0.38063967
3501.0,3501.0,0.32376322
3502.0,3502.0,0.36918303
3503.0,3503.0,0.3174726
3504.0,3504.0,0.5722577
3505.0,3505.0,0.07211778
3506.0,3506.0,0.4389342
3507.0,3507.0,0.08471369
3508.0,3508.0,0.3450752
3509.0,3509.0,0.54652995
3510.0,3510.0,0.43891752
3511.0,3511.0,0.17150202
3512.0,3512.0,0.22467944
3513.0,3513.0,0.44422495
3514.0,3514.0,0.23808612
3515.0,3515.0,0.2708542
3516.0,3516.0,0.2659234
3517.0,3517.0,0.06770761
3518.0,3518.0,0.55609274
3519.0,3519.0,0.18004692
3520.0,3520.0,0.45218948
3521.0,3521.0,0.350417
3522.0,3522.0,0.15874323
3523.0,3523.0,0.06973515
3524.0,3524.0,0.56478065
3525.0,3525.0,0.18291157
3526.0,3526.0,0.2695038
3527.0,3527.0,0.5367011
3528.0,3528.0,0.6727454
3529.0,3529.0,0.0952083
3530.0,3530.0,0.28939077
3531.0,3531.0,0.5259944
3532.0,3532.0,0.09194832
3533.0,3533.0,0.31842563
3534.0,3534.0,0.34502426
3535.0,3535.0,0.3951258
3536.0,3536.0,0.24639277
3537.0,3537.0,0.33779892
3538.0,3538.0,0.078747086
3539.0,3539.0,0.16184019
3540.0,3540.0,0.52351516
3541.0,3541.0,0.48512524
3542.0,3542.0,0.08742514
3543.0,3543.0,0.09719008
3544.0,3544.0,0.52429914
3545.0,3545.0,0.3277846
3546.0,3546.0,0.23073852
3547.0,3547.0,0.44737422
3548.0,3548.0,0.43285
3549.0,3549.0,0.43213418
3550.0,3550.0,0.21216403
3551.0,3551.0,0.042280562
3552.0,3552.0,0.15053263
3553.0,3553.0,0.17441083
3554.0,3554.0,0.3210607
3555.0,3555.0,0.12487632
3556.0,3556.0,0.53538454
3557.0,3557.0,0.08114266
3558.0,3558.0,0.6311756
3559.0,3559.0,0.2648545
3560.0,3560.0,0.4363299
3561.0,3561.0,0.60966045
3562.0,3562.0,0.37757176
3563.0,3563.0,0.10412524
3564.0,3564.0,0.15070912
3565.0,3565.0,0.34939247
3566.0,3566.0,0.11977647
3567.0,3567.0,0.13786075
3568.0,3568.0,0.21078323
3569.0,3569.0,0.2705528
3570.0,3570.0,0.34892464
3571.0,3571.0,0.52982473
3572.0,3572.0,0.16933134
3573.0,3573.0,0.16441432
3574.0,3574.0,0.27366978
3575.0,3575.0,0.35344565
3576.0,3576.0,0.38882428
3577.0,3577.0,0.29757246
3578.0,3578.0,0.074045554
3579.0,3579.0,0.41396034
3580.0,3580.0,0.41776255
3581.0,3581.0,0.14962369
3582.0,3582.0,0.49384108
3583.0,3583.0,0.35923496
3584.0,3584.0,0.5154304
3585.0,3585.0,0.44563997
3586.0,3586.0,0.33384943
3587.0,3587.0,0.35438356
3588.0,3588.0,0.3945866
3589.0,3589.0,0.20392525
3590.0,3590.0,0.40143672
3591.0,3591.0,0.17062008
3592.0,3592.0,0.43295014
3593.0,3593.0,0.39808494
3594.0,3594.0,0.5606599
3595.0,3595.0,0.44097832
3596.0,3596.0,0.56817275
3597.0,3597.0,0.41068476
3598.0,3598.0,0.050428823
3599.0,3599.0,0.53011554
3600.0,3600.0,0.3943194
3601.0,3601.0,0.6147065
3602.0,3602.0,0.47319463
3603.0,3603.0,0.4397794
3604.0,3604.0,0.089952014
3605.0,3605.0,0.3985572
3606.0,3606.0,0.24949168
3607.0,3607.0,0.149985
3608.0,3608.0,0.21935698
3609.0,3609.0,0.27292445
3610.0,3610.0,0.27392617
3611.0,3611.0,0.35042918
3612.0,3612.0,0.27780607
3613.0,3613.0,0.11119372
3614.0,3614.0,0.15472588
3615.0,3615.0,0.31352112
3616.0,3616.0,0.43238434
3617.0,3617.0,0.10028088
3618.0,3618.0,0.15018186
3619.0,3619.0,0.42407125
3620.0,3620.0,0.16684838
3621.0,3621.0,0.58621806
3622.0,3622.0,0.3945245
3623.0,3623.0,0.48615143
3624.0,3624.0,0.24853288
3625.0,3625.0,0.20254807
3626.0,3626.0,0.22883523
3627.0,3627.0,0.05396674
3628.0,3628.0,0.120683774
3629.0,3629.0,0.04467561
3630.0,3630.0,0.13634916
3631.0,3631.0,0.26517606
3632.0,3632.0,0.114181556
3633.0,3633.0,0.44673768
3634.0,3634.0,0.15705658
3635.0,3635.0,0.15336835
3636.0,3636.0,0.46371084
3637.0,3637.0,0.27685007
3638.0,3638.0,0.16811368
3639.0,3639.0,0.15885809
3640.0,3640.0,0.40154335
3641.0,3641.0,0.4604808
3642.0,3642.0,0.4036296
3643.0,3643.0,0.7255964
3644.0,3644.0,0.27259853
3645.0,3645.0,0.14683907
3646.0,3646.0,0.31867245
3647.0,3647.0,0.3681078
3648.0,3648.0,0.30955938
3649.0,3649.0,0.68770444
3650.0,3650.0,0.04714966
3651.0,3651.0,0.33317947
3652.0,3652.0,0.52722746
3653.0,3653.0,0.23332654
3654.0,3654.0,0.5696088
3655.0,3655.0,0.09188007
3656.0,3656.0,0.7687296
3657.0,3657.0,0.55748063
3658.0,3658.0,0.25095582
3659.0,3659.0,0.41372597
3660.0,3660.0,0.5538988
3661.0,3661.0,0.4670645
3662.0,3662.0,0.16672458
3663.0,3663.0,0.4438731
3664.0,3664.0,0.5357249
3665.0,3665.0,0.47872886
3666.0,3666.0,0.28415045
3667.0,3667.0,0.554377
3668.0,3668.0,0.14498582
3669.0,3669.0,0.6257729
3670.0,3670.0,0.32019693
3671.0,3671.0,0.42659867
3672.0,3672.0,0.13759136
3673.0,3673.0,0.58755875
3674.0,3674.0,0.2866777
3675.0,3675.0,0.5896418
3676.0,3676.0,0.2643259
3677.0,3677.0,0.47159353
3678.0,3678.0,0.2972285
3679.0,3679.0,0.35084346
3680.0,3680.0,0.23813976
3681.0,3681.0,0.2061531
3682.0,3682.0,0.20013398
3683.0,3683.0,0.33647215
3684.0,3684.0,0.072568834
3685.0,3685.0,0.38182357
3686.0,3686.0,0.3993319
3687.0,3687.0,0.26604056
3688.0,3688.0,0.5117107
3689.0,3689.0,0.5238817
3690.0,3690.0,0.16044393
3691.0,3691.0,0.54646707
3692.0,3692.0,0.7072839
3693.0,3693.0,0.5360914
3694.0,3694.0,0.3388046
3695.0,3695.0,0.13963257
3696.0,3696.0,0.3826118
3697.0,3697.0,0.19395934
3698.0,3698.0,0.5462857
3699.0,3699.0,0.22983181
3700.0,3700.0,0.32519197
3701.0,3701.0,0.42295027
3702.0,3702.0,0.15063445
3703.0,3703.0,0.28601253
3704.0,3704.0,0.21132685
3705.0,3705.0,0.106184565
3706.0,3706.0,0.48014998
3707.0,3707.0,0.2970462
3708.0,3708.0,0.5260439
3709.0,3709.0,0.09060858
3710.0,3710.0,0.16031113
3711.0,3711.0,0.44118357
3712.0,3712.0,0.44080633
3713.0,3713.0,0.34655002
3714.0,3714.0,0.38457322
3715.0,3715.0,0.1336841
3716.0,3716.0,0.37974814
3717.0,3717.0,0.20324242
3718.0,3718.0,0.3145478
3719.0,3719.0,0.5052545
3720.0,3720.0,0.44504175
3721.0,3721.0,0.6304377
3722.0,3722.0,0.333555
3723.0,3723.0,0.5251663
3724.0,3724.0,0.42497963
3725.0,3725.0,0.5213499
3726.0,3726.0,0.043844447
3727.0,3727.0,0.4396627
3728.0,3728.0,0.51805145
3729.0,3729.0,0.50395954
3730.0,3730.0,0.20160076
3731.0,3731.0,0.27859512
3732.0,3732.0,0.58730066
3733.0,3733.0,0.6124088
3734.0,3734.0,0.7145477
3735.0,3735.0,0.26650697
3736.0,3736.0,0.3615918
3737.0,3737.0,0.57997274
3738.0,3738.0,0.1907779
3739.0,3739.0,0.2282853
3740.0,3740.0,0.45053238
3741.0,3741.0,0.10387481
3742.0,3742.0,0.2956358
3743.0,3743.0,0.39117828
3744.0,3744.0,0.29444546
3745.0,3745.0,0.34401023
3746.0,3746.0,0.28567395
3747.0,3747.0,0.29884088
3748.0,3748.0,0.5409598
3749.0,3749.0,0.5913755
3750.0,3750.0,0.52994746
3751.0,3751.0,0.08432489
3752.0,3752.0,0.52656496
3753.0,3753.0,0.17518353
3754.0,3754.0,0.25664505
3755.0,3755.0,0.563616
3756.0,3756.0,0.24781902
3757.0,3757.0,0.30798864
3758.0,3758.0,0.112611376
3759.0,3759.0,0.2750274
3760.0,3760.0,0.22466485
3761.0,3761.0,0.5894462
3762.0,3762.0,0.19199513
3763.0,3763.0,0.37612438
3764.0,3764.0,0.07783077
3765.0,3765.0,0.39500886
3766.0,3766.0,0.42894396
3767.0,3767.0,0.5204097
3768.0,3768.0,0.30109465
3769.0,3769.0,0.397273
3770.0,3770.0,0.2594675
3771.0,3771.0,0.07921213
3772.0,3772.0,0.5880524
3773.0,3773.0,0.13884625
3774.0,3774.0,0.53285605
3775.0,3775.0,0.37048793
3776.0,3776.0,0.036049545
3777.0,3777.0,0.30319777
3778.0,3778.0,0.6740272
3779.0,3779.0,0.26143813
3780.0,3780.0,0.12053238
3781.0,3781.0,0.35844877
3782.0,3782.0,0.11071513
3783.0,3783.0,0.55499727
3784.0,3784.0,0.60146016
3785.0,3785.0,0.51512516
3786.0,3786.0,0.4147095
3787.0,3787.0,0.45178184
3788.0,3788.0,0.48812965
3789.0,3789.0,0.2756528
3790.0,3790.0,0.36048687
3791.0,3791.0,0.31988758
3792.0,3792.0,0.3583143
3793.0,3793.0,0.58549416
3794.0,3794.0,0.4521542
3795.0,3795.0,0.53884345
3796.0,3796.0,0.029882815
3797.0,3797.0,0.21550897
3798.0,3798.0,0.2731059
3799.0,3799.0,0.3137565
3800.0,3800.0,0.23546468
3801.0,3801.0,0.13482907
3802.0,3802.0,0.10863914
3803.0,3803.0,0.3562174
3804.0,3804.0,0.24465694
3805.0,3805.0,0.2718608
3806.0,3806.0,0.20074293
3807.0,3807.0,0.23424405
3808.0,3808.0,0.53046495
3809.0,3809.0,0.09824387
3810.0,3810.0,0.34892076
3811.0,3811.0,0.278617
3812.0,3812.0,0.24684465
3813.0,3813.0,0.70364517
3814.0,3814.0,0.117357634
3815.0,3815.0,0.1604628
3816.0,3816.0,0.22596414
3817.0,3817.0,0.68328
3818.0,3818.0,0.25776887
3819.0,3819.0,0.44949755
3820.0,3820.0,0.18470387
3821.0,3821.0,0.104060315
3822.0,3822.0,0.44962442
3823.0,3823.0,0.22493647
3824.0,3824.0,0.23045473
3825.0,3825.0,0.14231786
3826.0,3826.0,0.4640316
3827.0,3827.0,0.4664302
3828.0,3828.0,0.20427853
3829.0,3829.0,0.5867709
3830.0,3830.0,0.3538412
3831.0,3831.0,0.11874989
3832.0,3832.0,0.19720684
3833.0,3833.0,0.2565138
3834.0,3834.0,0.50374323
3835.0,3835.0,0.37400642
3836.0,3836.0,0.30333382
3837.0,3837.0,0.4501151
3838.0,3838.0,0.43330052
3839.0,3839.0,0.4593209
3840.0,3840.0,0.31929803
3841.0,3841.0,0.111421496
3842.0,3842.0,0.10520552
3843.0,3843.0,0.25181463
3844.0,3844.0,0.38139743
3845.0,3845.0,0.37213632
3846.0,3846.0,0.27298138
3847.0,3847.0,0.09870213
3848.0,3848.0,0.12951988
3849.0,3849.0,0.30939052
3850.0,3850.0,0.103871666
3851.0,3851.0,0.4048513
3852.0,3852.0,0.26763996
3853.0,3853.0,0.08903206
3854.0,3854.0,0.3608483
3855.0,3855.0,0.5558372
3856.0,3856.0,0.5099527
3857.0,3857.0,0.6875647
3858.0,3858.0,0.414102
3859.0,3859.0,0.5854557
3860.0,3860.0,0.28095925
3861.0,3861.0,0.37085345
3862.0,3862.0,0.6192916
3863.0,3863.0,0.21683164
3864.0,3864.0,0.3447314
3865.0,3865.0,0.07605053
3866.0,3866.0,0.048304453
3867.0,3867.0,0.1464531
3868.0,3868.0,0.18477975
3869.0,3869.0,0.30255234
3870.0,3870.0,0.2654987
3871.0,3871.0,0.090596914
3872.0,3872.0,0.20664191
3873.0,3873.0,0.08134382
3874.0,3874.0,0.17744265
3875.0,3875.0,0.057861302
3876.0,3876.0,0.1715638
3877.0,3877.0,0.57904637
3878.0,3878.0,0.3111219
3879.0,3879.0,0.5282928
3880.0,3880.0,0.33902225
3881.0,3881.0,0.17416473
3882.0,3882.0,0.42081043
3883.0,3883.0,0.34509474
3884.0,3884.0,0.09827925
3885.0,3885.0,0.44050202
3886.0,3886.0,0.10837371
3887.0,3887.0,0.18912853
3888.0,3888.0,0.45495307
3889.0,3889.0,0.50848025
3890.0,3890.0,0.21586522
3891.0,3891.0,0.3649332
3892.0,3892.0,0.44433537
3893.0,3893.0,0.17125563
3894.0,3894.0,0.3017173
3895.0,3895.0,0.46915156
3896.0,3896.0,0.06408136
3897.0,3897.0,0.61699736
3898.0,3898.0,0.26160347
3899.0,3899.0,0.17968379
3900.0,3900.0,0.52011967
3901.0,3901.0,0.30379468
3902.0,3902.0,0.20808697
3903.0,3903.0,0.14176494
3904.0,3904.0,0.36976233
3905.0,3905.0,0.33601815
3906.0,3906.0,0.6067347
3907.0,3907.0,0.25890598
3908.0,3908.0,0.58092135
3909.0,3909.0,0.07976004
3910.0,3910.0,0.31565157
3911.0,3911.0,0.35855955
3912.0,3912.0,0.36270297
3913.0,3913.0,0.61204094
3914.0,3914.0,0.5418322
3915.0,3915.0,0.36744896
3916.0,3916.0,0.25908202
3917.0,3917.0,0.14425546
3918.0,3918.0,0.5509089
3919.0,3919.0,0.5251428
3920.0,3920.0,0.11249739
3921.0,3921.0,0.55528283
3922.0,3922.0,0.2841634
3923.0,3923.0,0.103333004
3924.0,3924.0,0.16066979
3925.0,3925.0,0.122832045
3926.0,3926.0,0.29351366
3927.0,3927.0,0.48393917
3928.0,3928.0,0.4556771
3929.0,3929.0,0.35371056
3930.0,3930.0,0.54516745
3931.0,3931.0,0.48626933
3932.0,3932.0,0.6869026
3933.0,3933.0,0.4015887
3934.0,3934.0,0.4550016
3935.0,3935.0,0.09575
3936.0,3936.0,0.32986283
3937.0,3937.0,0.25331137
3938.0,3938.0,0.4582515
3939.0,3939.0,0.109381385
3940.0,3940.0,0.15161803
3941.0,3941.0,0.56538785
3942.0,3942.0,0.09732289
3943.0,3943.0,0.47531882
3944.0,3944.0,0.44835725
3945.0,3945.0,0.35591248
3946.0,3946.0,0.28328153
3947.0,3947.0,0.42207026
3948.0,3948.0,0.26820788
3949.0,3949.0,0.44199756
3950.0,3950.0,0.26702982
3951.0,3951.0,0.12253092
3952.0,3952.0,0.48614126
3953.0,3953.0,0.5766418
3954.0,3954.0,0.3405823
3955.0,3955.0,0.33787593
3956.0,3956.0,0.43936068
3957.0,3957.0,0.52811354
3958.0,3958.0,0.44782552
3959.0,3959.0,0.66476685
3960.0,3960.0,0.23942265
3961.0,3961.0,0.24282995
3962.0,3962.0,0.6546055
3963.0,3963.0,0.44410005
3964.0,3964.0,0.06981818
3965.0,3965.0,0.055770233
3966.0,3966.0,0.4792412
3967.0,3967.0,0.19686657
3968.0,3968.0,0.2819892
3969.0,3969.0,0.21622336
3970.0,3970.0,0.38951033
3971.0,3971.0,0.1451201
3972.0,3972.0,0.07768373
3973.0,3973.0,0.3542551
3974.0,3974.0,0.2522435
3975.0,3975.0,0.13369454
3976.0,3976.0,0.3718483
3977.0,3977.0,0.009341085
3978.0,3978.0,0.18787459
3979.0,3979.0,0.11324519
3980.0,3980.0,0.14620486
3981.0,3981.0,0.55886865
3982.0,3982.0,0.5000705
3983.0,3983.0,0.41404268
3984.0,3984.0,0.62003696
3985.0,3985.0,0.45745933
3986.0,3986.0,0.03525064
3987.0,3987.0,0.41692862
3988.0,3988.0,0.61207193
3989.0,3989.0,0.22379594
3990.0,3990.0,0.10864778
3991.0,3991.0,0.48510185
3992.0,3992.0,0.5623009
3993.0,3993.0,0.49339887
3994.0,3994.0,0.23115729
3995.0,3995.0,0.18907161
3996.0,3996.0,0.4926497
3997.0,3997.0,0.30577275
3998.0,3998.0,0.15288237
3999.0,3999.0,0.1424827
4000.0,4000.0,0.5555647
4001.0,4001.0,0.33949137
4002.0,4002.0,0.35726842
4003.0,4003.0,0.43423614
4004.0,4004.0,0.6104986
4005.0,4005.0,0.29664016
4006.0,4006.0,0.45151657
4007.0,4007.0,0.56138027
4008.0,4008.0,0.45822787
4009.0,4009.0,0.41156697
4010.0,4010.0,0.09128665
4011.0,4011.0,0.53571045
4012.0,4012.0,0.34200075
4013.0,4013.0,0.02910398
4014.0,4014.0,0.41426206
4015.0,4015.0,0.5278999
4016.0,4016.0,0.14323924
4017.0,4017.0,0.37119493
4018.0,4018.0,0.15033327
4019.0,4019.0,0.72038037
4020.0,4020.0,0.14738773
4021.0,4021.0,0.09148052
4022.0,4022.0,0.23376307
4023.0,4023.0,0.26546133
4024.0,4024.0,0.16603906
4025.0,4025.0,0.51030034
4026.0,4026.0,0.6033538
4027.0,4027.0,0.1419503
4028.0,4028.0,0.5893159
4029.0,4029.0,0.28563198
4030.0,4030.0,0.11423299
4031.0,4031.0,0.068599276
4032.0,4032.0,0.4277712
4033.0,4033.0,0.47378376
4034.0,4034.0,0.41495225
4035.0,4035.0,0.3009225
4036.0,4036.0,0.47726458
4037.0,4037.0,0.52852863
4038.0,4038.0,0.600371
4039.0,4039.0,0.077374645
4040.0,4040.0,0.12940568
4041.0,4041.0,0.14904596
4042.0,4042.0,0.27218172
4043.0,4043.0,0.5375059
4044.0,4044.0,0.41764793
4045.0,4045.0,0.23871498
4046.0,4046.0,0.37456667
4047.0,4047.0,0.4734927
4048.0,4048.0,0.07510296
4049.0,4049.0,0.42065877
4050.0,4050.0,0.2901623
4051.0,4051.0,0.672794
4052.0,4052.0,0.61458826
4053.0,4053.0,0.2857749
4054.0,4054.0,0.6703532
4055.0,4055.0,0.45445615
4056.0,4056.0,0.31828892
4057.0,4057.0,0.33452347
4058.0,4058.0,0.43285012
4059.0,4059.0,0.17991845
4060.0,4060.0,0.5953551
4061.0,4061.0,0.20476247
4062.0,4062.0,0.3773287
4063.0,4063.0,0.6166998
4064.0,4064.0,0.37649313
4065.0,4065.0,0.31948206
4066.0,4066.0,0.32246414
4067.0,4067.0,0.4889162
4068.0,4068.0,0.12792736
4069.0,4069.0,0.03395011
4070.0,4070.0,0.55569553
4071.0,4071.0,0.21027197
4072.0,4072.0,0.5126314
4073.0,4073.0,0.16050714
4074.0,4074.0,0.36961257
4075.0,4075.0,0.56133425
4076.0,4076.0,0.3230062
4077.0,4077.0,0.10065026
4078.0,4078.0,0.44960046
4079.0,4079.0,0.56773007
4080.0,4080.0,0.6338343
4081.0,4081.0,0.27503642
4082.0,4082.0,0.12033878
4083.0,4083.0,0.58457124
4084.0,4084.0,0.40331897
4085.0,4085.0,0.26290202
4086.0,4086.0,0.56469417
4087.0,4087.0,0.15464531
4088.0,4088.0,0.5429577
4089.0,4089.0,0.2542188
4090.0,4090.0,0.23554932
4091.0,4091.0,0.21260303
4092.0,4092.0,0.3508464
